0.8055784702301025 
0.7907865643501282 
0.7057610154151917 
0.6900505423545837 
0.6498412489891052 
0.6446735858917236 
0.6369532942771912 
0.632267415523529 
0.5923962593078613 
0.600917398929596 
0.5650411248207092 
0.5362823009490967 
0.5627365112304688 
0.5763872265815735 
0.5286823511123657 
0.5444521307945251 
0.5639519691467285 
0.5645943284034729 
0.5126855969429016 
0.5374584197998047 
0.49782755970954895 
0.46842971444129944 
0.5056890845298767 
0.47989943623542786 
0.4978623390197754 
0.5229743123054504 
0.492208868265152 
0.4807867109775543 
0.4955503046512604 
0.47656551003456116 
0.48574352264404297 
0.46805861592292786 
0.4480637013912201 
0.46164676547050476 
0.4569893777370453 
0.4480038583278656 
0.4276193678379059 
0.42546138167381287 
0.42011335492134094 
0.4225179851055145 
0.41818633675575256 
0.42511940002441406 
0.4129200875759125 
0.3889613449573517 
0.41680359840393066 
0.3806653320789337 
0.42053940892219543 
0.3678224980831146 
0.40620139241218567 
0.3895789086818695 
0.4156547486782074 
0.37914612889289856 
0.3974626362323761 
0.359102725982666 
0.37805649638175964 
0.34111931920051575 
0.36163008213043213 
0.38213619589805603 
0.3882173001766205 
0.3268013894557953 
0.35293737053871155 
0.3974660634994507 
0.3251776397228241 
0.3177507221698761 
0.34219232201576233 
0.36067596077919006 
0.33457884192466736 
0.3112713098526001 
0.3456156253814697 
0.33038094639778137 
0.3322506844997406 
0.28775325417518616 
0.29651913046836853 
0.30863070487976074 
0.3050057888031006 
0.31385961174964905 
0.3132111132144928 
0.2801734209060669 
0.3249613046646118 
0.3122616708278656 
0.27688920497894287 
0.29437142610549927 
0.28615882992744446 
0.2792570888996124 
0.275619238615036 
0.2826407253742218 
0.2703609764575958 
0.24322949349880219 
0.2574416995048523 
0.27099332213401794 
0.24569708108901978 
0.2407267838716507 
0.2732282280921936 
0.2532188892364502 
0.2505612075328827 
0.27807557582855225 
0.24483726918697357 
0.24646079540252686 
0.24689745903015137 
0.2144748717546463 
0.29667025804519653 
0.2534289062023163 
0.21760638058185577 
0.23751424252986908 
0.31840091943740845 
0.214979350566864 
0.2380085438489914 
0.21776902675628662 
0.23932664096355438 
0.21683132648468018 
0.2215244621038437 
0.2176571488380432 
0.22973357141017914 
0.20896518230438232 
0.2142001986503601 
0.21142922341823578 
0.1963486671447754 
0.22160457074642181 
0.20937150716781616 
0.1998215764760971 
0.18311910331249237 
0.2049606889486313 
0.23473818600177765 
0.18976165354251862 
0.18669259548187256 
0.18117094039916992 
0.17385174334049225 
0.200164794921875 
0.190730020403862 
0.18593184649944305 
0.19092293083667755 
0.16775959730148315 
0.2107946127653122 
0.16893035173416138 
0.16959547996520996 
0.18676932156085968 
0.17868758738040924 
0.16297034919261932 
0.1712619513273239 
0.17069168388843536 
0.19255031645298004 
0.20469026267528534 
0.1785402148962021 
0.17052040994167328 
0.1707683652639389 
0.2328004390001297 
0.15745967626571655 
0.17597027122974396 
0.14667688310146332 
0.1712995320558548 
0.14637213945388794 
0.13122272491455078 
0.1439351588487625 
0.13816483318805695 
0.12593494355678558 
0.14954498410224915 
0.13946925103664398 
0.1591140329837799 
0.16136865317821503 
0.12700267136096954 
0.13783597946166992 
0.12574128806591034 
0.18958944082260132 
0.11114707589149475 
0.11700653284788132 
0.1477055549621582 
0.14232206344604492 
0.12970393896102905 
0.13207592070102692 
0.14780165255069733 
0.1164354681968689 
0.14048224687576294 
0.11222701519727707 
0.11990255862474442 
0.14586736261844635 
0.10200241953134537 
0.11987465620040894 
0.13295234739780426 
0.10971489548683167 
0.11652342230081558 
0.12185594439506531 
0.10919204354286194 
0.14422117173671722 
0.10969885438680649 
0.11846211552619934 
0.12200929969549179 
0.14335843920707703 
0.12225382775068283 
0.12440899014472961 
0.10154112428426743 
0.108287014067173 
0.10113242268562317 
0.11006506532430649 
0.12938940525054932 
0.10778748244047165 
0.092678964138031 
0.11534494906663895 
0.08183571696281433 
0.08990353345870972 
0.09111662954092026 
0.09146203845739365 
0.0996212586760521 
0.12733618915081024 
0.07657784968614578 
0.10169246792793274 
0.10027691721916199 
0.10399705171585083 
0.08789018541574478 
0.11041799932718277 
0.08893465250730515 
0.10206332057714462 
0.11001437902450562 
0.08857277035713196 
0.08301623910665512 
0.10365333408117294 
0.08509085327386856 
0.10080472379922867 
0.09370249509811401 
0.07683786749839783 
0.08035513758659363 
0.07897930592298508 
0.07992992550134659 
0.11351960897445679 
0.06919713318347931 
0.07652196288108826 
0.08994990587234497 
0.07977231591939926 
0.0803668200969696 
0.0728188306093216 
0.08859211206436157 
0.08766433596611023 
0.08665648847818375 
0.06384419649839401 
0.08355903625488281 
0.08430933952331543 
0.08905582875013351 
0.059934575110673904 
0.08126642554998398 
0.07186309248209 
0.06497287005186081 
0.08837201446294785 
0.07867705821990967 
0.08520641922950745 
0.05998605862259865 
0.07732649147510529 
0.08497882634401321 
0.08114531636238098 
0.07145863026380539 
0.059856340289115906 
0.08835219591856003 
0.06946048140525818 
0.07411225140094757 
0.08793730288743973 
0.06550673395395279 
0.07610607147216797 
0.07679174840450287 
0.042136043310165405 
0.08417224884033203 
0.13136671483516693 
0.09732357412576675 
0.07644911110401154 
0.06460344046354294 
0.056469500064849854 
0.08202297240495682 
0.060394901782274246 
0.0525037981569767 
0.0974808856844902 
0.058255478739738464 
0.07271554321050644 
0.10380981117486954 
0.06425299495458603 
0.057773176580667496 
0.04460407793521881 
0.06876177340745926 
0.062292858958244324 
0.06520720571279526 
0.05750031769275665 
0.0908217504620552 
0.044426143169403076 
0.0772239938378334 
0.061890583485364914 
0.0618753582239151 
0.05235008895397186 
0.05982502922415733 
0.08655188232660294 
0.06445226073265076 
0.06643108278512955 
0.04398650303483009 
0.07028921693563461 
0.04460877180099487 
0.052502673119306564 
0.051938921213150024 
0.10910104960203171 
0.06253095716238022 
0.06021963432431221 
0.039723046123981476 
0.07852157205343246 
0.06831321120262146 
0.03811468929052353 
0.07584477216005325 
0.04613550007343292 
0.055098120123147964 
0.047597914934158325 
0.08965092152357101 
0.06419915705919266 
0.04913882911205292 
0.04069185256958008 
0.07407597452402115 
0.08457020670175552 
0.09152043610811234 
0.034981872886419296 
0.09293639659881592 
0.06470697373151779 
0.07863184064626694 
0.04665209352970123 
0.04410882294178009 
0.05375322699546814 
0.05252612754702568 
0.057036396116018295 
0.05467267334461212 
0.04265047237277031 
0.06465370208024979 
0.04174002632498741 
0.05107538029551506 
0.034103699028491974 
0.03669401630759239 
0.03532113507390022 
0.03957101330161095 
0.04723731800913811 
0.04705284163355827 
0.04205197095870972 
0.03832231089472771 
0.032470766454935074 
0.10885196924209595 
0.04662984609603882 
0.05497157201170921 
0.042534470558166504 
0.055256545543670654 
0.04705565795302391 
0.04915297403931618 
0.0668250247836113 
0.05201740190386772 
0.05023038387298584 
0.044991254806518555 
0.035724129527807236 
0.05825750529766083 
0.06770536303520203 
0.03658483177423477 
0.044188860803842545 
0.03357015177607536 
0.04390685632824898 
0.03679937869310379 
0.05882878229022026 
0.04032675921916962 
0.05323992297053337 
0.034451067447662354 
0.05657181143760681 
0.06171359494328499 
0.021253416314721107 
0.06476406008005142 
0.03983234986662865 
0.046420831233263016 
0.039004117250442505 
0.03440822660923004 
0.03753898665308952 
0.07225406169891357 
0.05946733430027962 
0.07860928028821945 
0.0428149551153183 
0.03650214150547981 
0.03622118756175041 
0.03087514638900757 
0.030522076413035393 
0.030342385172843933 
0.051482927054166794 
0.02459246665239334 
0.019126366823911667 
0.039219751954078674 
0.025378556922078133 
0.029505306854844093 
0.03513146936893463 
0.022122375667095184 
0.046431008726358414 
0.029189100489020348 
0.08677679300308228 
0.025787241756916046 
0.031067239120602608 
0.045109476894140244 
0.049994003027677536 
0.018234102055430412 
0.02730383910238743 
0.026189753785729408 
0.023833051323890686 
0.018855871632695198 
0.023671263828873634 
0.032857395708560944 
0.05522094666957855 
0.049625057727098465 
0.052119746804237366 
0.03398162126541138 
0.030243152752518654 
0.0251445472240448 
0.048320066183805466 
0.03934253379702568 
0.022369610145688057 
0.04186452925205231 
0.07583241909742355 
0.02286633290350437 
0.015358162112534046 
0.02944171242415905 
0.013968158513307571 
0.03186103701591492 
0.037761129438877106 
0.028843054547905922 
0.06990968436002731 
0.02822156995534897 
0.02106465958058834 
0.03796576336026192 
0.014107813127338886 
0.01438895147293806 
0.04299062117934227 
0.021487345919013023 
0.0162973552942276 
0.023770296946167946 
0.02432660572230816 
0.04361303150653839 
0.015971820801496506 
0.05768632888793945 
0.027191514149308205 
0.032525550574064255 
0.020106738433241844 
0.03132329136133194 
0.031213810667395592 
0.05537612363696098 
0.03639910742640495 
0.03122182935476303 
0.020998135209083557 
0.03294652700424194 
0.04853132739663124 
0.01958409510552883 
0.025818251073360443 
0.022946448996663094 
0.013269171118736267 
0.02576405555009842 
0.03501409292221069 
0.027511535212397575 
0.019046658650040627 
0.024872826412320137 
0.02754761092364788 
0.02971760928630829 
0.01318221166729927 
0.015363338403403759 
0.028374088928103447 
0.021132051944732666 
0.01264592632651329 
0.017403053119778633 
0.01834825798869133 
0.03942645713686943 
0.03138398006558418 
0.03578842803835869 
0.02367228828370571 
0.029765663668513298 
0.028663545846939087 
0.015279698185622692 
0.022915013134479523 
0.02213507890701294 
0.02000678889453411 
0.020017938688397408 
0.018053440377116203 
0.011360845528542995 
0.02166161686182022 
0.04401778802275658 
0.019320763647556305 
0.01779351942241192 
0.043629661202430725 
0.022077640518546104 
0.04612452909350395 
0.0266928281635046 
0.012891322374343872 
0.024932710453867912 
0.05754013732075691 
0.019135139882564545 
0.04348030313849449 
0.013454805128276348 
0.026394156739115715 
0.017589857801795006 
0.01427789032459259 
0.03903974965214729 
0.020380133762955666 
0.015815772116184235 
0.0230079535394907 
0.01859348453581333 
0.01136199850589037 
0.014976583421230316 
0.05481916666030884 
0.01533382385969162 
0.015359148383140564 
0.020370298996567726 
0.021999388933181763 
0.018906129524111748 
0.011326673440635204 
0.020020002499222755 
0.018219970166683197 
0.025556163862347603 
0.02677554078400135 
0.026427581906318665 
0.01610376127064228 
0.01001261081546545 
0.022844107821583748 
0.023388167843222618 
0.010758288204669952 
0.00938426423817873 
0.0239221453666687 
0.034504037350416183 
0.03382181376218796 
0.036413565278053284 
0.015902480110526085 
0.02649463713169098 
0.009565400891005993 
0.051010336726903915 
0.009815742261707783 
0.008181639015674591 
0.030838757753372192 
0.018880782648921013 
0.013840931467711926 
0.007822636514902115 
0.010485782288014889 
0.013071499764919281 
0.01605556346476078 
0.023889636620879173 
0.017007259652018547 
0.00669939024373889 
0.010757560841739178 
0.08271387219429016 
0.01839057169854641 
0.0153130404651165 
0.03638450428843498 
0.01535691786557436 
0.015099599957466125 
0.04619672894477844 
0.028257062658667564 
0.016987696290016174 
0.01189371943473816 
0.034313831478357315 
0.01922997273504734 
0.030757687985897064 
0.028104037046432495 
0.00883872527629137 
0.019509900361299515 
0.02989768050611019 
0.04343482479453087 
0.034170832484960556 
0.015853403136134148 
0.02192225493490696 
0.009773408994078636 
0.007486322429031134 
0.03047107346355915 
0.017444521188735962 
0.010855644010007381 
0.021970681846141815 
0.01188511773943901 
0.06577778607606888 
0.01240724977105856 
0.010752074420452118 
0.017319725826382637 
0.03518332913517952 
0.01810852251946926 
0.02794778160750866 
0.031576428562402725 
0.026292063295841217 
0.01267386693507433 
0.016848770901560783 
0.00836125947535038 
0.028384298086166382 
0.044567402452230453 
0.018598655238747597 
0.02396591752767563 
0.021528886631131172 
0.03310296684503555 
0.011189300566911697 
0.007978513836860657 
0.02551724575459957 
0.011568297632038593 
0.006990229245275259 
0.006567121017724276 
0.013442344032227993 
0.006417011376470327 
0.012315683998167515 
0.015961669385433197 
0.014601853676140308 
0.022808073088526726 
0.015608151443302631 
0.02140662632882595 
0.042459189891815186 
0.01451952662318945 
0.013772014528512955 
0.025136128067970276 
0.058316707611083984 
0.009971951134502888 
0.011103128083050251 
0.016403449699282646 
0.01537676528096199 
0.009559390135109425 
0.034346211701631546 
0.009103480726480484 
0.006997191812843084 
0.023927347734570503 
0.0057870433665812016 
0.029361993074417114 
0.009853821247816086 
0.013176239095628262 
0.026223286986351013 
0.03889046609401703 
0.007321102544665337 
0.010788352228701115 
0.051553770899772644 
0.036535561084747314 
0.008747178129851818 
0.03357568755745888 
0.023981736972928047 
0.005548326764255762 
0.0176264438778162 
0.032008007168769836 
0.02105553261935711 
0.028350993990898132 
0.007898922078311443 
0.009904008358716965 
0.007390361744910479 
0.011789321899414062 
0.006162522826343775 
0.006131296511739492 
0.004414643160998821 
0.011437088251113892 
0.015309003181755543 
0.03648063912987709 
0.011318675242364407 
0.00798425730317831 
0.017686085775494576 
0.010571849532425404 
0.01143368799239397 
0.0061746505089104176 
0.006147956475615501 
0.045990169048309326 
0.006822721567004919 
0.004616679158061743 
0.01587349735200405 
0.010471340268850327 
0.008339731022715569 
0.005526178982108831 
0.014762177132070065 
0.09307918697595596 
0.03429068252444267 
0.04458281770348549 
0.041538819670677185 
0.024742931127548218 
0.03516558185219765 
0.030866064131259918 
0.019648270681500435 
0.005890244618058205 
0.017677610740065575 
0.03669872507452965 
0.02143099159002304 
0.004471725318580866 
0.013573757372796535 
0.009407875128090382 
0.027967527508735657 
0.008704754523932934 
0.02371971867978573 
0.004030313342809677 
0.0208849236369133 
0.010962781496345997 
0.02279653400182724 
0.00789402425289154 
0.004763557109981775 
0.016001233831048012 
0.007069722283631563 
0.02565799094736576 
0.02360435388982296 
0.013756492175161839 
0.01073992159217596 
0.02904234081506729 
0.006222035735845566 
0.004049626644700766 
0.034971605986356735 
0.04615027830004692 
0.030038224533200264 
0.029897453263401985 
0.024972068145871162 
0.028031500056385994 
0.023869089782238007 
0.015019302256405354 
0.0381675586104393 
0.024653712287545204 
0.03943362459540367 
0.009455233812332153 
0.009969341568648815 
0.017962463200092316 
0.025557832792401314 
0.01728849671781063 
0.011701616458594799 
0.010739076882600784 
0.020324992015957832 
0.0354953370988369 
0.018475724384188652 
0.006212156265974045 
0.01640755869448185 
0.009643972851336002 
0.019257333129644394 
0.006272787228226662 
0.016410427168011665 
0.006469312589615583 
0.016991155222058296 
0.034532397985458374 
0.019537340849637985 
0.033420246094465256 
0.02009406127035618 
0.03168618679046631 
0.005955278407782316 
0.02363402582705021 
0.017841598019003868 
0.002479146933183074 
0.28802070021629333 
0.025019554421305656 
0.029634391888976097 
0.00735509442165494 
0.02022136002779007 
0.009755040518939495 
0.00722352834418416 
0.00338965211994946 
0.010339674539864063 
0.036372121423482895 
0.007352650631219149 
0.013634874485433102 
0.006774071138352156 
0.004848849028348923 
0.0032957938965409994 
0.0254016425460577 
0.019257226958870888 
0.014574792236089706 
0.010153531096875668 
0.03822393715381622 
0.003389720106497407 
0.007371693383902311 
0.014278252609074116 
0.013235155493021011 
0.002809078199788928 
0.01296667754650116 
0.007226138841360807 
0.00472449092194438 
0.017452413216233253 
0.022269688546657562 
0.01474913302809 
0.03955460339784622 
0.015052396804094315 
0.059026580303907394 
0.009056040085852146 
0.012605750001966953 
0.022737033665180206 
0.020266175270080566 
0.014120358042418957 
0.015441209077835083 
0.013418509624898434 
0.007199374493211508 
0.021475402638316154 
0.010550557635724545 
0.04411719739437103 
0.00661623477935791 
0.010941843502223492 
0.0077051203697919846 
0.010703629814088345 
0.04410930350422859 
0.017833983525633812 
0.04353400692343712 
0.030463360249996185 
0.04316113516688347 
0.015354886651039124 
0.02794092334806919 
0.03362215310335159 
0.0028502189088612795 
0.01530444622039795 
0.005239997524768114 
0.018922900781035423 
0.051085200160741806 
0.01646704412996769 
0.004744028672575951 
0.005858149379491806 
0.004099057521671057 
0.05150949954986572 
0.006083343178033829 
0.008950780145823956 
0.03775561973452568 
0.002613358199596405 
0.019459813833236694 
0.012049414217472076 
0.014817173592746258 
0.03191939741373062 
0.014172819443047047 
0.05012265965342522 
0.03350340574979782 
0.016801608726382256 
0.032922592014074326 
0.005382228642702103 
0.019238879904150963 
0.010311183519661427 
0.004429722670465708 
0.019997382536530495 
0.022333724424242973 
0.018677713349461555 
0.0030358785297721624 
0.013055195100605488 
0.0399271622300148 
0.0037796825636178255 
0.004297102335840464 
0.03793727979063988 
0.019293660297989845 
0.004933774005621672 
0.03009015880525112 
0.0026854847092181444 
0.05791966989636421 
0.0059462785720825195 
0.006781775038689375 
0.008596846833825111 
0.007229797542095184 
0.00872452836483717 
0.007382006850093603 
0.009879186749458313 
0.005975462030619383 
0.014866113662719727 
0.00532715767621994 
0.03721051290631294 
0.013646356761455536 
0.008365700021386147 
0.03132045269012451 
0.009841814637184143 
0.0033551461528986692 
0.019742673262953758 
0.007097448688000441 
0.015530127100646496 
0.034174203872680664 
0.0026068799197673798 
0.04802842438220978 
0.0020639144349843264 
0.003303168574348092 
0.018991759046912193 
0.012597732245922089 
0.005212757736444473 
0.008352040313184261 
0.0038733750116080046 
0.015545153059065342 
0.02444225363433361 
0.03126109018921852 
0.01865971088409424 
0.023222267627716064 
0.056537091732025146 
0.008622116409242153 
0.030988536775112152 
0.006425065919756889 
0.0256862323731184 
0.042678892612457275 
0.0019023828208446503 
0.035541605204343796 
0.04202766716480255 
0.01931733824312687 
0.006398847326636314 
0.003323705168440938 
0.040100909769535065 
0.009780981577932835 
0.007905280217528343 
0.030843742191791534 
0.02463672123849392 
0.008367831818759441 
0.021617384627461433 
0.013362961821258068 
0.00683957152068615 
0.025341207161545753 
0.0023191256914287806 
0.04348394647240639 
0.001945111551322043 
0.02179529517889023 
0.006013645324856043 
0.01762739010155201 
0.06747438758611679 
0.014112559147179127 
0.02690892666578293 
0.024357832968235016 
0.02164878137409687 
0.0087661137804389 
0.012632779777050018 
0.03780847415328026 
0.001663769711740315 
0.008773598819971085 
0.0102895712479949 
0.01096416637301445 
0.0028651070315390825 
0.01300656795501709 
0.13572059571743011 
0.01117153000086546 
0.009170091710984707 
0.018213188275694847 
0.010023933835327625 
0.029425105080008507 
0.006243347655981779 
0.021116189658641815 
0.06091468036174774 
0.006579001899808645 
0.029788313433527946 
0.00308209378272295 
0.026580044999718666 
0.02111486904323101 
0.01076953113079071 
0.005357017274945974 
0.049523722380399704 
0.001783733139745891 
0.01888898015022278 
0.024005481973290443 
0.021283144131302834 
0.01063141692429781 
0.006999609991908073 
0.01882307231426239 
0.024178914725780487 
0.007775392848998308 
0.0036121548619121313 
0.007888264954090118 
0.002700136275961995 
0.03328786790370941 
0.016024937853217125 
0.02451375685632229 
0.018133727833628654 
0.003217323450371623 
0.00440905150026083 
0.0011537510436028242 
0.017891807481646538 
0.008042736910283566 
0.012305356562137604 
0.027600234374403954 
0.02310471422970295 
0.010056539438664913 
0.004879792220890522 
0.014426996000111103 
0.0068983882665634155 
0.0012389442417770624 
0.02389512024819851 
0.012818428687751293 
0.025774696841835976 
0.012792679481208324 
0.0036208871752023697 
0.007506112102419138 
0.016234027221798897 
0.017465708777308464 
0.0030069565400481224 
0.006236957851797342 
0.011801990680396557 
0.021272407844662666 
0.006054363679140806 
0.007138146553188562 
0.03600458800792694 
0.0022883901838213205 
0.008931431919336319 
0.007077122572809458 
0.0043788994662463665 
0.011748027987778187 
0.01064228918403387 
0.018685493618249893 
0.16815735399723053 
0.10200220346450806 
0.19102619588375092 
0.05574212968349457 
0.11034256219863892 
0.085964135825634 
0.07335425168275833 
0.037862587720155716 
0.09777501970529556 
0.0817352905869484 
0.07167286425828934 
0.030340613797307014 
0.08164072036743164 
0.034717489033937454 
0.061398785561323166 
0.026836441829800606 
0.053521111607551575 
0.06315810233354568 
0.04883251711726189 
0.062264811247587204 
0.0903974175453186 
0.034712981432676315 
0.03352799639105797 
0.03962710499763489 
0.048280149698257446 
0.03992070257663727 
0.02672162838280201 
0.017425494268536568 
0.046944450587034225 
0.007497316692024469 
0.018965521827340126 
0.036651983857154846 
0.012461415491998196 
0.020868800580501556 
0.034857671707868576 
0.0061470442451536655 
0.0014803939266130328 
0.019422022625803947 
0.059997010976076126 
0.010873927734792233 
0.028344685211777687 
0.01171374972909689 
0.0035273495595902205 
0.016006553545594215 
0.0025508820544928312 
0.023911377415060997 
0.017102956771850586 
0.0046689389273524284 
0.004991590976715088 
0.005215626675635576 
0.0015143438940867782 
0.033428605645895004 
0.0025341545697301626 
0.03128594532608986 
0.010966912843286991 
0.015017026104032993 
0.02114061452448368 
0.006585916969925165 
0.006322817411273718 
0.025151027366518974 
0.01829812116920948 
0.029764322564005852 
0.032973241060972214 
0.006306863855570555 
0.004118409939110279 
0.0021191283594816923 
0.005207023583352566 
0.004236109554767609 
0.11017560958862305 
0.004371045622974634 
0.001432899502106011 
0.013610570691525936 
0.009861699305474758 
0.008486593142151833 
0.003156406572088599 
0.01833057589828968 
0.0067200250923633575 
0.001823906321078539 
0.022532397881150246 
0.01962827332317829 
0.016297446563839912 
0.001993100391700864 
0.008354282937943935 
0.01126861572265625 
0.045718446373939514 
0.002739665098488331 
0.031933512538671494 
0.07657924294471741 
0.000889763527084142 
0.026012850925326347 
0.004536415915936232 
0.05393153056502342 
0.031112678349018097 
0.03082403540611267 
0.04296233877539635 
0.001142058172263205 
0.0017263350309804082 
0.03927391394972801 
0.027684146538376808 
0.048501014709472656 
0.0033581170719116926 
0.018055325374007225 
0.019672811031341553 
0.0018581319600343704 
0.00500695314258337 
0.001361552276648581 
0.008465866558253765 
0.0007057331968098879 
0.00279854703694582 
0.04000009968876839 
0.013531442731618881 
0.014759373851120472 
0.027687927708029747 
0.008735391311347485 
0.007986984215676785 
0.0007319213473238051 
0.022557735443115234 
0.009654869325459003 
0.007337726186960936 
0.0012985881185159087 
0.038514330983161926 
0.15709224343299866 
0.0005981862195767462 
0.03573624789714813 
0.0014576115645468235 
0.0006048607756383717 
0.002016982762143016 
0.020444337278604507 
0.002180005656555295 
0.0005771396099589765 
0.009912754409015179 
0.002751364139840007 
0.017823541536927223 
0.0017393609741702676 
0.0037895217537879944 
0.009389236569404602 
0.040145184844732285 
0.056771170347929 
0.039249617606401443 
0.001144994399510324 
0.00138550391420722 
0.014166227541863918 
0.047107283025979996 
0.004271784331649542 
0.014565865509212017 
0.011102116666734219 
0.010692134499549866 
0.0018462440930306911 
0.0028752796351909637 
0.04328320547938347 
0.027485020458698273 
0.0787167176604271 
0.0028349936474114656 
0.022217610850930214 
0.01115399319678545 
0.004362184088677168 
0.062217310070991516 
0.004363521467894316 
0.0016797030111774802 
0.0597849003970623 
0.018791446462273598 
0.006114007439464331 
0.003039231291040778 
0.09703507274389267 
0.11424072831869125 
0.1563236117362976 
0.05617692694067955 
0.056057751178741455 
0.029558777809143066 
0.10306332260370255 
0.03167243301868439 
0.021420612931251526 
0.2348732203245163 
0.20865218341350555 
0.11680590361356735 
0.07209301739931107 
0.07073011249303818 
0.18261593580245972 
0.04674914479255676 
0.030707702040672302 
0.06277207285165787 
0.06477665901184082 
0.04010295122861862 
0.020347142592072487 
0.05029908940196037 
0.030384862795472145 
0.04663088917732239 
0.020089948549866676 
0.0811488926410675 
0.0036170026287436485 
0.005308480933308601 
0.014057372696697712 
0.010771545581519604 
0.020103799179196358 
0.009488408453762531 
0.0559270940721035 
0.01375249307602644 
0.057876359671354294 
0.023440944030880928 
0.017826126888394356 
0.0040216646157205105 
0.0008736246381886303 
0.006342617329210043 
0.021674610674381256 
0.02047535590827465 
0.003222143277525902 
0.062496915459632874 
0.06671102344989777 
0.03644949570298195 
0.07350731641054153 
0.05876016616821289 
0.041271645575761795 
0.07101127505302429 
0.027633650228381157 
0.05632828548550606 
0.04492310807108879 
0.09052368253469467 
0.037312403321266174 
0.031759705394506454 
0.05130162835121155 
0.013197588734328747 
0.03082706779241562 
0.050282228738069534 
0.2047448605298996 
0.02085975743830204 
0.041363321244716644 
0.031319160014390945 
0.035887543112039566 
0.030713805928826332 
0.04822149500250816 
0.04238409921526909 
0.07330816984176636 
0.04920506477355957 
0.023567765951156616 
0.020373478531837463 
0.06345456093549728 
0.04614711180329323 
