1.3333333333333333 
1.5 
1.8888888888888886 
1.6666666666666665 
1.7333333333333332 
1.9444444444444444 
1.9523809523809523 
1.8333333333333333 
1.8518518518518516 
1.8999999999999997 
2.03030303030303 
2.055555555555555 
2.1282051282051273 
2.261904761904761 
2.2222222222222214 
2.229166666666666 
2.274509803921568 
2.37037037037037 
2.3684210526315788 
2.4 
2.365079365079365 
2.3636363636363638 
2.391304347826087 
2.4583333333333335 
2.4533333333333336 
2.474358974358975 
2.4567901234567904 
2.4285714285714293 
2.4137931034482762 
2.433333333333334 
2.440860215053764 
2.4687500000000004 
2.5252525252525255 
2.509803921568628 
2.4761904761904763 
2.4629629629629632 
2.4504504504504507 
2.456140350877193 
2.4871794871794877 
2.5083333333333337 
2.528455284552846 
2.4920634920634925 
2.4573643410852717 
2.4469696969696972 
2.42962962962963 
2.4347826086956528 
2.4042553191489366 
2.395833333333334 
2.3673469387755106 
2.3466666666666667 
2.3398692810457518 
2.3525641025641026 
2.327044025157233 
2.3148148148148153 
2.3212121212121217 
2.345238095238096 
2.3391812865497084 
2.3448275862068972 
2.3672316384180796 
2.3555555555555556 
2.3551912568306013 
2.3709677419354844 
2.3492063492063497 
2.338541666666667 
2.3435897435897437 
2.3232323232323235 
2.308457711442786 
2.2990196078431375 
2.289855072463768 
2.2904761904761908 
2.291079812206573 
2.305555555555556 
2.2876712328767126 
2.2792792792792795 
2.2800000000000002 
2.2938596491228074 
2.294372294372295 
2.2777777777777786 
2.2658227848101276 
2.266666666666668 
2.251028806584363 
2.243902439024391 
2.2409638554216875 
2.250000000000001 
2.2705882352941185 
2.2558139534883725 
2.252873563218391 
2.2386363636363638 
2.232209737827715 
2.2370370370370365 
2.223443223443223 
2.213768115942029 
2.21505376344086 
2.212765957446808 
2.221052631578947 
2.2152777777777772 
2.213058419243986 
2.2176870748299313 
2.2323232323232314 
2.229999999999999 
2.2343234323432335 
2.2483660130718945 
2.236245954692556 
2.233974358974358 
2.2285714285714278 
2.2232704402515715 
2.22429906542056 
2.225308641975308 
2.2232415902140668 
2.2212121212121207 
2.2252252252252247 
2.235119047619047 
2.2536873156342176 
2.248538011695906 
2.2405797101449267 
2.238505747126436 
2.2421652421652416 
2.2542372881355925 
2.2549019607843133 
2.244444444444444 
2.2424242424242418 
2.2377049180327866 
2.2384823848238478 
2.239247311827956 
2.247999999999999 
2.243386243386243 
2.2335958005249337 
2.2317708333333326 
2.2273901808785523 
2.217948717948717 
2.2111959287531797 
2.2095959595959584 
2.2155388471177933 
2.2139303482587054 
2.219753086419752 
2.210784313725489 
2.2092457420924565 
2.205314009661835 
2.196642685851318 
2.192857142857142 
2.1938534278959803 
2.192488262910797 
2.1981351981351973 
2.1944444444444438 
2.1862068965517234 
2.1849315068493143 
2.181405895691609 
2.1824324324324316 
2.1879194630872476 
2.1999999999999993 
2.2008830022075045 
2.208333333333332 
2.2135076252723302 
2.2207792207792196 
2.2344086021505363 
2.2457264957264944 
2.2611464968152855 
2.2827004219409273 
2.280922431865827 
2.272916666666666 
2.269151138716355 
2.2716049382716044 
2.269938650306748 
2.272357723577235 
2.278787878787878 
2.291164658634537 
2.2914171656686615 
2.2936507936507926 
2.2998027613412217 
2.3117647058823514 
2.3040935672514604 
2.298449612403099 
2.296724470134873 
2.3007662835249025 
2.3104761904761886 
2.325757575757574 
2.3182674199623334 
2.312734082397002 
2.312849162011171 
2.309259259259257 
2.307550644567217 
2.3095238095238075 
2.3169398907103806 
2.3134057971014474 
2.3135135135135116 
2.317204301075267 
2.3172905525846685 
2.315602836879431 
2.3174603174603154 
2.32456140350877 
2.3333333333333313 
2.34722222222222 
2.3436960276338494 
2.3419243986254275 
2.3435897435897415 
2.35034013605442 
2.35363790186125 
2.3484848484848464 
2.3467336683417064 
2.349999999999998 
2.353233830845769 
2.346534653465344 
2.344827586206894 
2.348039215686272 
2.346341463414632 
2.3478964401294475 
2.3542673107890475 
2.350961538461536 
2.3460925039872382 
2.3460317460317435 
2.3396524486571852 
2.336477987421381 
2.3380281690140823 
2.336448598130839 
2.3364341085271296 
2.339506172839504 
2.337941628264207 
2.3394495412844023 
2.343987823439877 
2.3530303030303017 
2.3544494720965297 
2.357357357357356 
2.363228699551568 
2.373511904761903 
2.3881481481481464 
2.382005899705013 
2.378854625550659 
2.377192982456138 
2.3799126637554564 
2.3782608695652154 
2.3795093795093774 
2.3836206896551704 
2.391988555078682 
2.398860398860397 
2.392907801418438 
2.3898305084745743 
2.390998593530237 
2.3851540616246476 
2.382147838214782 
2.3819444444444424 
2.3803596127247557 
2.3829201101928352 
2.3772290809327825 
2.3756830601092878 
2.375510204081631 
2.379403794037939 
2.373819163292846 
2.3723118279569877 
2.372155287817937 
2.3759999999999986 
2.3705179282868514 
2.3664021164021154 
2.3662714097496695 
2.3661417322834635 
2.3647058823529403 
2.3606770833333326 
2.360570687418936 
2.3552971576227386 
2.352638352638352 
2.353846153846153 
2.355044699872285 
2.3536895674300244 
2.3536121673003794 
2.357323232323232 
2.359748427672956 
2.364661654135338 
2.3632958801498125 
2.364427860696517 
2.364312267657992 
2.367901234567901 
2.362853628536285 
2.3602941176470584 
2.361416361416361 
2.3588807785888073 
2.353939393939393 
2.351449275362318 
2.3513838748495783 
2.3549160671462825 
2.362007168458781 
2.3607142857142853 
2.3570581257413994 
2.3534278959810875 
2.353356890459364 
2.352112676056338 
2.3532163742690058 
2.3554778554778553 
2.360046457607433 
2.366898148148148 
2.3771626297577853 
2.3827586206896547 
2.3906071019473076 
2.3892694063926934 
2.3913538111490324 
2.3911564625850334 
2.3932203389830504 
2.3986486486486482 
2.407407407407407 
2.416107382550335 
2.4280936454849495 
2.441111111111111 
2.4573643410852712 
2.4525386313465782 
2.448844884488449 
2.448464912280702 
2.4513661202185797 
2.4575163398692816 
2.4571118349619985 
2.4588744588744595 
2.4638619201726004 
2.459139784946237 
2.4555198285101825 
2.4540598290598292 
2.4558040468583604 
2.4575371549893847 
2.4592592592592597 
2.4578059071729963 
2.4553101997896953 
2.4517819706498956 
2.4503657262277954 
2.451041666666667 
2.454828660436137 
2.452380952380952 
2.4520123839009287 
2.447530864197531 
2.445128205128205 
2.445807770961145 
2.444444444444444 
2.445121951219512 
2.4478216818642347 
2.4535353535353535 
2.4551863041289024 
2.458835341365462 
2.459459459459459 
2.4630738522954085 
2.4587064676616905 
2.456349206349205 
2.4569732937685447 
2.45266272189349 
2.449360865290068 
2.4490196078431365 
2.4516129032258056 
2.4502923976608177 
2.4509232264334293 
2.446705426356588 
2.4454106280193226 
2.447013487475914 
2.4486071085494707 
2.4454022988505737 
2.445081184336198 
2.445714285714285 
2.445394112060778 
2.446969696969696 
2.445703493862133 
2.446327683615818 
2.448826291079811 
2.4541198501872645 
2.4603174603174587 
2.4683426443202965 
2.4791086350974916 
2.4768518518518503 
2.4764542936288074 
2.47513812154696 
2.476584022038566 
2.472527472527471 
2.4712328767123273 
2.467213114754097 
2.4650317892824694 
2.464673913043477 
2.4670280036133683 
2.4666666666666655 
2.4681042228212027 
2.472222222222221 
2.4682752457551373 
2.4661319073083767 
2.4666666666666655 
2.4627659574468073 
2.460654288240494 
2.461199294532627 
2.459102902374669 
2.4587719298245605 
2.4593175853018363 
2.4598603839441524 
2.4630113141862475 
2.4652777777777763 
2.4692640692640677 
2.4749568221070795 
2.483204134366923 
2.4845360824742246 
2.4884318766066817 
2.4846153846153824 
2.482523444160271 
2.4829931972789097 
2.4792196776929583 
2.4780033840947526 
2.4759493670886057 
2.4764309764309744 
2.4727120067170425 
2.4706867671691772 
2.4711779448621534 
2.469999999999998 
2.4696591853699066 
2.4718076285240445 
2.4698097601323385 
2.4694719471947173 
2.469135802469134 
2.47126436781609 
2.474201474201472 
2.478758169934639 
2.485737571312142 
2.495121951219511 
2.4963503649635026 
2.499190938511326 
2.503631961259079 
2.502415458937197 
2.502811244979919 
2.5056089743589736 
2.501998401278976 
2.4999999999999996 
2.498806682577565 
2.497619047619047 
2.4988123515439424 
2.497630331753554 
2.4948778565799836 
2.492924528301886 
2.4901960784313717 
2.4890453834115798 
2.490241998438719 
2.4898753894080987 
2.49106449106449 
2.4937984496124024 
2.4965197215777257 
2.5015432098765427 
2.5003849114703613 
2.5015360983102917 
2.4996168582375478 
2.4984709480122325 
2.4958047292143397 
2.4954337899543373 
2.4920273348519357 
2.490151515151515 
2.4905517762660616 
2.4894419306184012 
2.490594431903687 
2.490990990990991 
2.492134831460674 
2.4887892376681613 
2.4869500372856077 
2.4873511904761907 
2.48626577579807 
2.487407407407408 
2.487065779748707 
2.4859882005899707 
2.4863870493009568 
2.4882525697503675 
2.4915750915750916 
2.4970760233918132 
2.4938001458789207 
2.492721979621543 
2.4923747276688455 
2.491304347826087 
2.4916847433116414 
2.48989898989899 
2.4902807775377975 
2.4899425287356327 
2.491039426523298 
2.494277539341917 
2.4975017844396863 
2.500712250712251 
2.504619758351102 
2.5106382978723403 
2.5152158527954707 
2.5120056497175143 
2.510218463706836 
2.509142053445851 
2.5101754385964914 
2.509103641456583 
2.5087351502445845 
2.506276150627615 
2.5059151009046623 
2.505555555555555 
2.5045045045045042 
2.505532503457814 
2.5058661145617664 
2.503443526170799 
2.503092783505154 
2.503429355281207 
2.503080082135523 
2.5047814207650267 
2.5057941376959776 
2.508163265306122 
2.512559402579769 
2.5115176151761514 
2.511156186612576 
2.512145748987854 
2.5151515151515147 
2.512096774193548 
2.50972501676727 
2.5093708165997315 
2.506346025384101 
2.504666666666666 
2.5043246839654016 
2.503984063745019 
2.5056328694499657 
2.509259259259258 
2.5089108910891076 
2.5098814229249 
2.5128205128205114 
2.509842519685038 
2.508840864440077 
2.505882352941175 
2.5042400521852564 
2.5045572916666656 
2.503573749187783 
2.5045395590142663 
2.5029126213592225 
2.5025839793281643 
2.503546099290779 
2.5064350064350056 
2.508670520231213 
2.5121794871794862 
2.5124760076775425 
2.514687100893997 
2.513065646908859 
2.5127226463104324 
2.5117460317460316 
2.512040557667934 
2.5142314990512333 
2.5157828282828283 
2.519218651543793 
2.5163522012578614 
2.51412429378531 
2.5131578947368416 
2.513445903689806 
2.5156054931335827 
2.515264797507788 
2.513059701492537 
2.5121042830540037 
2.5123915737298637 
2.5139146567718 
2.517283950617284 
2.5194085027726434 
2.5233702337023374 
2.5205647636586868 
2.518995098039216 
2.519266055045872 
2.517704517704518 
2.5173674588665453 
2.518248175182482 
2.5191256830601096 
2.5218181818181824 
2.522081064730793 
2.5241545893719812 
2.525617842073539 
2.525270758122744 
2.5261261261261265 
2.5287769784172665 
2.5260323159784566 
2.5250896057347676 
2.523553965414431 
2.522619047619048 
2.522875816993465 
2.524317912218269 
2.527531083481351 
2.532505910165485 
2.5315634218289094 
2.5318021201413434 
2.533803644914757 
2.5322769953051654 
2.5325131810193335 
2.5333333333333345 
2.5335668417980166 
2.5349650349650363 
2.537521815008727 
2.5354239256678293 
2.533913043478262 
2.5335648148148158 
2.534950895436165 
2.5346020761245684 
2.532527345998849 
2.5321839080459774 
2.5306942053930013 
2.530355097365407 
2.531732418524872 
2.53082191780822 
2.5316239316239324 
2.5301478953356096 
2.5281090289608183 
2.5277777777777786 
2.528013582342955 
2.5271186440677975 
2.527354765933447 
2.5292792792792804 
2.5283867341202932 
2.526374859708194 
2.525490196078432 
2.5262863534675626 
2.525404801786712 
2.5256410256410264 
2.52754590984975 
2.5300000000000002 
2.527454242928453 
2.526024363233666 
2.526257600884467 
2.526490066225166 
2.5256198347107444 
2.5242024202420246 
2.523887973640857 
2.5252192982456143 
2.522714833059661 
2.5213114754098362 
2.521003818876159 
2.5223311546840956 
2.5209352909189775 
2.5206297502714436 
2.5219512195121943 
2.5194805194805188 
2.5186385737439214 
2.5172599784250265 
2.5169628432956372 
2.5182795698924725 
2.517444981213097 
2.5182207931404066 
2.5157838416265372 
2.514423076923076 
2.514666666666666 
2.5149094781682635 
2.516746411483253 
2.520169851380042 
2.5177530471648115 
2.5169312169312166 
2.516640253565768 
2.5158227848101262 
2.515534491837809 
2.5136698212407986 
2.512860892388451 
2.513626834381551 
2.5112506541077964 
2.509404388714733 
2.5091288471570152 
2.5088541666666657 
2.5080603224128954 
2.50571131879543 
2.50440642820114 
2.504658385093167 
2.5038759689922476 
2.504643962848297 
2.503348789283874 
2.5025720164609053 
2.5028248587570623 
2.5041025641025643 
2.5033282130056325 
2.5035787321063396 
2.504849412965799 
2.5071355759429155 
2.510941475826972 
2.5137195121951215 
2.511415525114155 
2.5106382978723403 
2.509357612544259 
2.507575757575758 
2.507312153303076 
2.5070493454179257 
2.504776269482152 
2.504016064257028 
2.5037593984962405 
2.503003003003003 
2.5012493753123435 
2.500998003992015 
2.498754359740906 
2.4975124378109443 
2.4967709885742666 
2.497023809523809 
2.498761763249133 
2.498516320474777 
2.4992592592592584 
2.5014792899408276 
2.5027080256031504 
2.500983284169124 
2.4997545409916535 
2.4995098039215677 
2.500734214390601 
2.4985337243401746 
2.4978038067349915 
2.495614035087718 
2.4944038929440375 
2.493197278911563 
2.492964580300823 
2.494186046511626 
2.495887760038702 
2.494202898550723 
2.492522913651711 
2.491811175337185 
2.4915824915824896 
2.4927953890489896 
2.495443645083931 
2.494731800766282 
2.495456719273074 
2.494269340974211 
2.4940391034811626 
2.495238095238094 
2.4954826438421294 
2.4933523266856588 
2.492176386913228 
2.4924242424242413 
2.491252955082741 
2.49102927289896 
2.492220650636491 
2.493408662900187 
2.49130230371415 
2.4901408450704214 
2.4903891233005147 
2.4911048689138564 
2.4908835904628317 
2.491129785247431 
2.492773892773892 
2.4916201117318426 
2.4913993491399338 
2.4925719591457742 
2.4918868799258216 
2.4916666666666654 
2.492371705963938 
2.490766389658355 
2.490548639926232 
2.4898710865561684 
2.4901149425287348 
2.4903581267217625 
2.4919761577258135 
2.4917582417582413 
2.4929126657521716 
2.493607305936073 
2.494300045599635 
2.4931693989071038 
2.4924965893587996 
2.4931880108991824 
2.4920634920634916 
2.4923007246376807 
2.493894165535956 
2.494128274616079 
2.495714930085701 
2.4968468468468465 
2.49842555105713 
2.5008984725965857 
2.503813369223867 
2.5076164874551967 
2.512751677852348 
2.5134048257372643 
2.512717536813921 
2.513368983957218 
2.513573653760569 
2.514666666666666 
2.517088326675543 
2.5150709219858145 
2.5143868968570153 
2.5123784261715287 
2.5112582781456942 
2.5105820105820094 
2.5112285336855997 
2.5101143359718545 
2.510320597277118 
2.5092105263157887 
2.5072273324572922 
2.5056867891513552 
2.5050240279598066 
2.5056719022687597 
2.5067538126361644 
2.504786771105308 
2.504128639721859 
2.504774305555555 
2.5041179020372772 
2.504329004329004 
2.505404236921746 
2.507772020725388 
2.5105648986632167 
2.508613264427218 
2.5070967741935486 
2.506872852233677 
2.5062205062205063 
2.5064267352185094 
2.5079161317928977 
2.5098290598290607 
2.507895860008537 
2.5063938618925836 
2.5061728395061733 
2.5059523809523814 
2.504033970276009 
2.502544529262087 
2.5019059720457437 
2.5025380710659904 
2.502746092099705 
2.5025316455696207 
2.5018963337547415 
2.502525252525253 
2.502732240437159 
2.502518891687658 
2.503563941299791 
2.502512562814071 
2.5023002927645344 
2.500835421888054 
2.500625782227785 
2.5004166666666667 
2.5010403662089056 
2.5008312551953447 
2.5018679950186797 
2.5008291873963513 
2.5010351966873703 
2.4999999999999996 
2.5002065262288307 
2.4999999999999996 
2.500618046971569 
2.5024691358024684 
2.501438553226469 
2.501642036124794 
2.500615006150061 
2.5004095004095 
2.501022494887525 
2.5028594771241823 
2.5010199918400646 
2.5004074979625095 
2.498575498575498 
2.496747967479674 
2.495736906211936 
2.495944849959448 
2.4953422438234094 
2.4959546925566336 
2.494949494949494 
2.4947538337368838 
2.4945586457073756 
2.4931561996779386 
2.4925613188580615 
2.493172690763052 
2.4941837144003207 
2.4939903846153846 
2.4925970388155263 
2.4924060751398884 
2.49061876247505 
2.490031897926635 
2.489844683393071 
2.489657915672236 
2.4886769964243154 
2.4888888888888894 
2.4879112168053905 
2.4865399841646876 
2.48556741795176 
2.485781990521327 
2.485207100591716 
2.485027580772262 
2.4860291223927593 
2.485062893081761 
2.4852767962308597 
2.4843137254901957 
2.482569526047787 
2.4820031298904537 
2.4810472840953492 
2.4808743169398904 
2.4791423001949315 
2.478582554517134 
2.477635161415791 
2.4759129759129754 
2.474970896391152 
2.4744186046511625 
2.475029036004645 
2.474091260634183 
2.47431440710699 
2.4741512345679006 
2.474759152215799 
2.4761354888375666 
2.4786620530565155 
2.4792626728110587 
2.479094744917529 
2.4781609195402288 
2.477994642173746 
2.4778287461773694 
2.4784268804887355 
2.479786422578184 
2.4784761904761896 
2.4783105022831045 
2.4766248574686425 
2.4757023538344716 
2.4759196056124377 
2.475378787878787 
2.4759742716609905 
2.476190476190475 
2.4771611929029813 
2.4766214177978876 
2.4768361581920892 
2.4781790820165526 
2.4780157835400214 
2.478978978978978 
2.4795650543682033 
2.478277153558052 
2.477740366629255 
2.478325859491778 
2.4766703994027615 
2.475764354958985 
2.4744878957169454 
2.4739583333333326 
2.4745447788926045 
2.474016332590942 
2.474230626622172 
2.474814814814814 
2.474287828338882 
2.4745011086474493 
2.4758213362864514 
2.4741887905604707 
2.4736648250460394 
2.4720382634289906 
2.4707828004410133 
2.470631424375917 
2.471580491382471 
2.472527472527472 
2.4723746798390045 
2.4729532163742687 
2.473895582329317 
2.473012399708242 
2.4732240437158466 
2.4730713245997085 
2.4736459469283893 
2.4753086419753085 
2.4737033006891544 
2.473188405797101 
2.4715888526963443 
2.4703543022415038 
2.470205850487541 
2.469336219336219 
2.469549549549549 
2.4694024478041756 
2.470334412081985 
2.4701867816091956 
2.47075708647291 
2.471326164874552 
2.47296813462227 
2.474964234620887 
2.478027867095392 
2.4807280513918633 
2.4791443850267383 
2.4779202279202286 
2.476698683742441 
2.476190476190477 
2.4763933262335827 
2.4776595744680856 
2.4799858306765854 
2.478414720452937 
2.477200424178155 
2.4770480225988707 
2.477954144620812 
2.4788583509513753 
2.4790566701865546 
2.4803094233473986 
2.4826132771338254 
2.4821052631578953 
2.481948825797407 
2.482843137254903 
2.483385799230501 
2.484975541579316 
2.486910994764399 
2.486750348675036 
2.486241727621039 
2.4867780097425203 
2.486270420576991 
2.486458333333334 
2.485605272285814 
2.4857934857934865 
2.4849428868120462 
2.4851313969571236 
2.4842832469775478 
2.484472049689441 
2.485005170630817 
2.4845041322314048 
2.48469212246302 
2.4855670103092784 
2.4874699622382423 
2.4890260631001375 
2.4916067146282974 
2.490759753593429 
2.49025641025641 
2.49077868852459 
2.4892528147389967 
2.4880708929788686 
2.4879128362274434 
2.487074829931973 
2.485898742779477 
2.4857433808553977 
2.48491013903018 
2.484756097560976 
2.484602368866329 
2.4854631507775533 
2.4846335697399535 
2.4838056680161946 
2.483316481294237 
2.483838383838384 
2.4830137907837204 
2.4825268817204305 
2.4827123195703256 
2.4839034205231387 
2.4824120603015074 
2.4815930388219543 
2.481444332998997 
2.481295925183701 
2.482148815482149 
2.481666666666667 
2.4821844821844823 
2.483699268130406 
2.4842140245928883 
2.4843957503320055 
2.4855721393034824 
2.4870775347912524 
2.487917907977491 
2.4894179894179898 
2.49190617773373 
2.4904290429042906 
2.4899439498846028 
2.489130434782609 
2.4879894702204672 
2.4868507560815254 
2.4863711001642037 
2.486876640419948 
2.4877089478859395 
2.4862475442043226 
2.4854432450114494 
2.48562091503268 
2.484165850473392 
2.4836921069797784 
2.4822417725643535 
2.4817708333333335 
2.4809756097560975 
2.4805068226120857 
2.4797143784485556 
2.4795719844357977 
2.4794298671849693 
2.4802588996763757 
2.479469770449402 
2.479651162790698 
2.479509519199742 
2.4790457769181176 
2.4789049919484705 
2.478120978120978 
2.4779813564770174 
2.477842003853565 
2.478665383381457 
2.47948717948718 
2.4809478065962223 
2.4830454254638523 
2.48577820389901 
2.489463601532568 
2.4909090909090916 
2.4904397705544943 
2.4896529767589946 
2.4898218829516545 
2.4899904671115354 
2.4907936507936514 
2.4925467808436417 
2.4911280101394175 
2.490028490028491 
2.489879822896902 
2.4906793048973155 
2.491477272727274 
2.491643014821824 
2.4924385633270334 
2.4941768964431867 
2.495283018867926 
2.4941878730757163 
2.4937225360954187 
2.49419880840389 
2.4927944862155402 
2.492331768388108 
2.4915572232645418 
2.491721337082163 
2.4903245942571797 
2.4898659183037117 
2.4897196261682257 
2.488639900404608 
2.4878731343283595 
2.487729108418765 
2.4885164494103056 
2.4880620155038775 
2.486679058240398 
2.4862271742494597 
2.486085343228202 
2.485634847080632 
2.485802469135804 
2.486586493987051 
2.487985212569318 
2.490304709141276 
2.493542435424356 
2.4967741935483887 
2.500613873542052 
2.502606562404172 
2.505514705882354 
2.5053565962656887 
2.506116207951072 
2.5047357164680735 
2.5036630036630054 
2.5032021957914017 
2.5030469226081675 
2.5038051750380537 
2.502433090024333 
2.5016712245518096 
2.501821493624774 
2.5004549590536866 
2.5000000000000018 
2.499243112322133 
2.499092558983668 
2.49894227863403 
2.499698067632852 
2.500150829562596 
2.498794454490659 
2.4980427582053615 
2.498194945848377 
2.4968440036068547 
2.4960960960960974 
2.4962496249624975 
2.4955035971223034 
2.4941599281221936 
2.493417115499702 
2.492675635276533 
2.4928315412186386 
2.491495076096688 
2.4910554561717357 
2.4909145070002983 
2.491369047619048 
2.492714837942314 
2.4919786096256686 
2.491837340457109 
2.491399762752076 
2.490370370370371 
2.490230905861457 
2.4900916888494535 
2.4908392434988187 
2.490699734278123 
2.4908554572271395 
2.4916003536693205 
2.491166077738517 
2.4916151809355704 
2.4902998236331584 
2.489574155653452 
2.4897300469483583 
2.488419818235123 
2.4876977152899835 
2.4875621890547275 
2.4871345029239778 
2.4875839906514767 
2.4877408056042043 
2.4864391951006137 
2.486013986013987 
2.4858806404657945 
2.4845840605002922 
2.483870967741937 
2.4840301974448327 
2.4836089353060644 
2.4837681159420297 
2.4847958297132937 
2.484375000000001 
2.48482220294883 
2.4849797804737155 
2.486002886002887 
2.484717416378317 
2.483722270239125 
2.4830166954519295 
2.4828875467356926 
2.4836206896551736 
2.483491243181167 
2.4839357429718887 
2.4835196331327043 
2.483963344788089 
2.48469241773963 
2.4848484848484866 
2.4841473864610126 
2.4840182648401843 
2.483604220131168 
2.4840455840455857 
2.4827782522060935 
2.48236632536974 
2.482807615799945 
2.482396365701308 
2.4825531914893637 
2.48356009070295 
2.4837156612857565 
2.482456140350879 
2.481481481481483 
2.4813559322033916 
2.482077335591309 
2.481669486745631 
2.481825866441253 
2.4825450450450472 
2.4841068917018307 
2.4848229342327173 
2.4863802302723976 
2.4876543209876565 
2.489206616204095 
2.4915966386554644 
2.4937027707808586 
2.4924496644295324 
2.491757474154794 
2.4916247906197677 
2.4923291492329174 
2.4938684503901922 
2.4926204399888636 
2.4919309961046214 
2.492076730608843 
2.491388888888891 
2.4904246461282287 
2.4902939545202463 
2.4898863951233055 
2.4903100775193825 
2.4904564315352724 
2.4897733554449997 
2.489919911626625 
2.488686534216338 
2.4882823269920067 
2.4870523415977983 
2.4863748967795227 
2.4859735973597377 
2.4861225611431728 
2.4868204283360806 
2.4883401920438972 
2.487116228070177 
2.4861681731032608 
2.4860426929392463 
2.485643970467598 
2.48497267759563 
2.4840294840294854 
2.4839061647572303 
2.4832379394930513 
2.4828431372549034 
2.4832653061224503 
2.4820554649265922 
2.4813909263787033 
2.481270358306191 
2.481963656088963 
2.480758807588078 
2.480368264283782 
2.4797077922077935 
2.4787780481211152 
2.47811993517018 
2.4780026990553323 
2.478694714131609 
2.4783077337644857 
2.4787291330102335 
2.479418886198549 
2.479032258064518 
2.479183454203601 
2.4801395598497065 
2.4797532850630213 
2.4799035369774933 
2.480856760374834 
2.4796682718031047 
2.4790163058005894 
2.478365384615386 
2.478516146250335 
2.4789333333333348 
2.4785504929389837 
2.4779020234291815 
2.477254588986434 
2.4774056353003733 
2.4772908366533875 
2.4777070063694278 
2.477326968973748 
2.4777424483306847 
2.476568705321685 
2.475661375661377 
2.475284166005817 
2.4756999471738 
2.476906835576671 
2.475738396624474 
2.4750988142292503 
2.474196945760928 
2.473822678242569 
2.474237644584649 
2.4738639348568436 
2.474015748031497 
2.474954104379754 
2.473794549266248 
2.473422361874837 
2.472265829408687 
2.471895424836602 
2.4712643678160924 
2.4714173844949103 
2.470266040688576 
2.469637737816002 
2.4697916666666666 
2.4694249284413217 
2.469838793551742 
2.4692127825409194 
2.469366562824506 
2.468223086900129 
2.4673405909797816 
2.4669774669774664 
2.4673913043478257 
2.4662529092319625 
2.465374677002584 
2.4650142008778726 
2.464654282765738 
2.4650683165764375 
2.466254507985575 
2.4669240669240677 
2.4683641975308652 
2.470059110768441 
2.470724191063175 
2.4698486014883256 
2.4694871794871807 
2.4698949526005647 
2.4710701484895043 
2.4709644410335136 
2.4713701431492856 
2.4717752234993626 
2.472434915773355 
2.473858709512881 
2.47553516819572 
2.475171886936594 
2.4743002544529276 
2.4739384693618116 
2.47433943089431 
2.4737242955064747 
2.473363774733639 
2.4735107731305463 
2.474417426545087 
2.4738041002277913 
2.4736975214972188 
2.4740965377811484 
2.4732323232323243 
2.472621751198588 
2.4725163893091286 
2.473167044595617 
2.4720543806646536 
2.471446540880504 
2.47134238310709 
2.47199196181864 
2.4723895582329334 
2.472786556308003 
2.4736842105263177 
2.4753318307037335 
2.4752252252252274 
2.4756189047261836 
2.4750124937531255 
2.475156054931338 
2.476047904191619 
2.4756918474195984 
2.4760837070254134 
2.4754792133432932 
2.4753731343283607 
2.474770072085511 
2.474913065077002 
2.474311243484738 
2.474454365079367 
2.475340768277573 
2.474244675581973 
2.4738926008413777 
2.472799208704255 
2.4724487274524356 
2.47135802469136 
2.4705156674068616 
2.4704142011834347 
2.4698201527469847 
2.469719350073858 
2.4703567035670386 
2.4692723697148504 
2.4684352738884825 
2.46833578792342 
2.4689722835418233 
2.4688725490196113 
2.469262796963021 
2.4684287812041155 
2.4678405478112047 
2.467986314760512 
2.4669108669108706 
2.466081015129335 
2.4657400633991746 
2.4661306042885025 
2.465546627708793 
2.4656934306569376 
2.4655968879163663 
2.466229348882414 
2.465647001699445 
2.4648229015041276 
2.464484848484852 
2.464874031007755 
2.4659888646816785 
2.464925012094827 
2.4645878656030975 
2.4640096618357523 
2.463432295438092 
2.4633381572600133 
2.4630031332851328 
2.4624277456647437 
2.4625752105896543 
2.4629629629629664 
2.463109829367944 
2.4620557156580247 
2.4614830813534954 
2.461151079136694 
2.4615384615384652 
2.461685823754793 
2.4625508494855266 
2.4626972740315676 
2.463082437275989 
2.4641833810888287 
2.4655213552851385 
2.4675727229375335 
2.470335954253042 
2.47119047619048 
2.472519628836549 
2.47456015216358 
2.4754098360655776 
2.475071225071229 
2.475444839857655 
2.474869606448557 
2.4740582800284328 
2.4737215909090944 
2.4738585285072188 
2.4744680851063863 
2.474604299551149 
2.475212464589238 
2.4765274828969126 
2.4776049033474807 
2.4772673733804504 
2.4774011299435057 
2.4777699364855357 
2.4788434414668576 
2.4785059901339 
2.4784037558685474 
2.4787708186722996 
2.479840600093768 
2.4795033965799984 
2.4794007490636734 
2.479766081871348 
2.480832164562883 
2.482130343377719 
2.482959850606913 
2.484254723582929 
2.48624708624709 
2.487770789657586 
2.4897579143389237 
2.4917422656431767 
2.494188749418879 
2.497328687572594 
2.497446610956364 
2.4964045465089346 
2.49582753824757 
2.4959462589761445 
2.4962962962963 
2.496183206106874 
2.496532593619976 
2.497343497343501 
2.4988457987072983 
2.5010380622837407 
2.500691562932231 
2.499884819166095 
2.499769797421736 
2.4987347596043294 
2.497931034482763 
2.497128417183556 
2.496786042240592 
2.4971323698095937 
2.4970197157267355 
2.4973654066437616 
2.4965659340659387 
2.4962251201098193 
2.4963420210333838 
2.4971441626684987 
2.4961187214611913 
2.4955509924709145 
2.4956680346557265 
2.495329232171341 
2.4954462659380727 
2.494653014789537 
2.4945429740791307 
2.494660304476259 
2.4936421435059075 
2.4930791921942403 
2.4922902494331103 
2.4919555857693214 
2.4923007246376847 
2.4912876216338575 
2.490728177295345 
2.490395480225992 
2.490514905149055 
2.491311216429703 
2.490302210193959 
2.489970700924051 
2.490315315315318 
2.489309025433269 
2.48875393612236 
2.488649134637 
2.4892183288409733 
2.4882154882154914 
2.4874383131449114 
2.48711051333782 
2.4874551971326198 
2.4869039623908695 
2.486800894854589 
2.487368656382744 
2.487042001787313 
2.4862692565304787 
2.4861668897813507 
2.48584169453735 
2.4848484848484884 
2.484524604765089 
2.48486871384068 
2.485212363798091 
2.4860000000000033 
2.4861203642016467 
2.4851309365290755 
2.4843646041250866 
2.4842641843971665 
2.4848283499446326 
2.4845064187693704 
2.4846272948462764 
2.4854111405835577 
2.4850894632206795 
2.485209713024286 
2.4859916170306673 
2.487433862433866 
2.4871116986120323 
2.4872302950242218 
2.487568756875691 
2.487247141600707 
2.4873654141946857 
2.4879227053140127 
2.488040377441302 
2.4883771929824587 
2.489371027832569 
2.4890494962768313 
2.4891661195009873 
2.489720034995628 
2.4907103825136634 
2.492354740061164 
2.49246889325475 
2.492801047120421 
2.4922607368650556 
2.4921568627451003 
2.4927062921837604 
2.492602262837252 
2.4929332463579064 
2.493698392003479 
2.4935939196525543 
2.4941406250000027 
2.493168510084583 
2.4924143909839644 
2.4923110244747697 
2.4917748917748943 
2.4914557646549884 
2.4917855598789473 
2.491250810110177 
2.490932642487049 
2.4912621359223324 
2.490297542043987 
2.489980607627669 
2.4894487510766607 
2.489347966429958 
2.488817204301078 
2.488931871910598 
2.4892611683848824 
2.4900193174500993 
2.491419991419994 
2.4919614147909996 
2.492930591259643 
2.4945407835581275 
2.494223363286267 
2.49412016249733 
2.494444444444447 
2.4939141575912904 
2.4938113529662855 
2.494135210066115 
2.4948849104859363 
2.496272630457937 
2.495317156236699 
2.494575622208044 
2.4944727891156497 
2.494157637561083 
2.4944798301486237 
2.4954381497984337 
2.4957591178965264 
2.494808222080953 
2.4944938585345233 
2.493968253968258 
2.4932318104906983 
2.492496300993452 
2.492395437262362 
2.4918724931391223 
2.491772151898739 
2.4920936116382086 
2.491782553729461 
2.491893030111607 
2.492424242424247 
2.4923238696109404 
2.4928541403951288 
2.4919134635580806 
2.4911838790932035 
2.490455212922178 
2.490356394129984 
2.490467211397449 
2.4909966499162532 
2.491943921322458 
2.4935173567545017 
2.49258098223616 
2.4920634920634974 
2.4919640993529586 
2.4918648310388036 
2.4923910777569365 
2.4914583333333384 
2.490734957318348 
2.4906367041198556 
2.4901226866292423 
2.490024937655866 
2.4897196261682297 
2.4898298048983034 
2.4905621240406606 
2.4904643449419623 
2.49098819142325 
2.491718426501041 
2.492240844196157 
2.4933829611249023 
2.494730316181035 
2.4966955803387085 
2.495768833849335 
2.495049504950501 
2.4949494949495006 
2.494437577255877 
2.494338068766734 
2.494238683127578 
2.4947563232572545 
2.4950678175092538 
2.4957896898747234 
2.4954844006568204 
2.4955897435897496 
2.4961049610496167 
2.4962097930751956 
2.496928746928753 
2.496009821976679 
2.495705521472399 
2.495197220519115 
2.4950980392156925 
2.4956113492549563 
2.4953080375357057 
2.4952089704383345 
2.495517522412394 
2.495825697413975 
2.496540496540503 
2.4978645515558333 
2.499390243902446 
2.500507820434701 
2.502030044660989 
2.5017244877257117 
2.501824817518255 
2.502330293819662 
2.5034426893479202 
2.503541793159286 
2.504045307443372 
2.505154639175264 
2.504848484848491 
2.5051483949121804 
2.504237288135599 
2.50393224440412 
2.503022974607019 
2.502517623363551 
2.5024154589372043 
2.5029169181251314 
2.5040209087253777 
2.5041189471569276 
2.504618473895588 
2.505518763796915 
2.5070196550341013 
2.5061134495891015 
2.5058092948718005 
2.505305305305311 
2.5044017607042877 
2.504099180163973 
2.5031974420463685 
2.5026962252846077 
2.502794411177651 
2.50249351685618 
2.5025917065390813 
2.5032875074716143 
2.5035842293906874 
2.5030845771144348 
2.502585521081948 
2.5026833631484866 
2.502979737783082 
2.5020845741512874 
2.5015873015873087 
2.5016855046599322 
2.5017835909631465 
2.5022776787482743 
2.5033650039588355 
2.5046488625123713 
2.5065243179122256 
2.508595139300541 
2.511255924170624 
2.5121373593842584 
2.513412228796852 
2.515276956436042 
2.5153664302600554 
2.5150620200827016 
2.5143644234553406 
2.5142576204523186 
2.513954402515731 
2.5138479670005967 
2.514134275618382 
2.5150088287227854 
2.514117647058831 
2.513815402704299 
2.513317665491586 
2.5132119788608414 
2.513497652582167 
2.514369501466283 
2.5142633841344346 
2.5145479398555044 
2.5148321623731533 
2.5157011897796053 
2.514814814814822 
2.5141242937853177 
2.514018691588792 
2.5141078030745354 
2.513224426293278 
2.5129251700680344 
2.5132090132090203 
2.512910114540873 
2.5128055878929056 
2.513089005235609 
2.513759689922488 
2.515010652721293 
2.515679442508718 
2.514993228864391 
2.514694508894052 
2.5147826086956595 
2.514677481653155 
2.5151515151515222 
2.5142746913580316 
2.5137844611528894 
2.5138728323699495 
2.513961101482773 
2.5130869899923094 
2.5127909213310327 
2.512687427912349 
2.5123919308357423 
2.512672811059915 
2.51180195739782 
2.5115074798619177 
2.510638297872348 
2.509961685823762 
2.5096687727359828 
2.509950248756226 
2.5098489194874807 
2.5101299694189674 
2.50983763132761 
2.510118365788476 
2.5092539591681047 
2.5087719298245683 
2.508862206975422 
2.508571428571436 
2.508852084523137 
2.508942161339429 
2.5096025860429814 
2.5100722158875026 
2.511111111111118 
2.511009870918762 
2.5107190286473227 
2.510807736063716 
2.511275345840447 
2.512310606060613 
2.5125875449555246 
2.5134317063942557 
2.512573265267543 
2.512093726379448 
2.5118035882908476 
2.5120800302000825 
2.511978871910967 
2.5113122171945768 
2.5112116073111053 
2.510734463276843 
2.509881422924908 
2.509593679458246 
2.50949426583945 
2.5092070650131593 
2.5085446009389734 
2.5084459459459523 
2.5079722378540676 
2.5080614923134674 
2.5075885328836494 
2.5076779026217295 
2.5075800112296527 
2.5069210624766245 
2.506823705365495 
2.5065396113602456 
2.506629318394031 
2.506718924972011 
2.5062488341727356 
2.5061521252796486 
2.506614495994044 
2.506517690875239 
2.505676530802165 
2.5053943452381016 
2.504926566276266 
2.5050167224080333 
2.5045496750232195 
2.5042687453600663 
2.5045446113893592 
2.5046347793845083 
2.5050954233833678 
2.5048148148148215 
2.504904682583757 
2.504624491305963 
2.504899242004074 
2.5053584626755425 
2.5063711911357407 
2.507936507936514 
2.5100534956650127 
2.509955752212395 
2.5104109084208646 
2.510681399631682 
2.50984722989141 
2.509565857247982 
2.5091009376723723 
2.5090040426313913 
2.509274563820024 
2.5095447870778327 
2.510365070629248 
2.5095342867620154 
2.5092541689573085 
2.508424908424914 
2.5079626578802916 
2.508049762166124 
2.5083196196745354 
2.509137426900591 
2.509223744292244 
2.509857612267257 
2.5093960956029986 
2.509117432531006 
2.509203572079467 
2.5098360655737775 
2.5095576187875546 
2.5096433770014626 
2.5102745953809857 
2.511450381679397 
2.5113533151680363 
2.5118010167029845 
2.510978043912183 
2.5107000362713165 
2.509878557186884 
2.5092391304347896 
2.5087814593518085 
2.5088671733622947 
2.509133658889499 
2.5088575560376065 
2.5089430894309017 
2.5095702419646155 
2.5103771882331785 
2.5117243867243944 
2.511267351721659 
2.5111711711711786 
2.511615343057814 
2.5107991360691218 
2.510343586976082 
2.5104279036317947 
2.5101527403414274 
2.510237068965525 
2.5108598097289616 
2.5100466451381496 
2.5094136632598247 
2.5093189964157783 
2.50886620096723 
2.5084138918725465 
2.5083199141170236 
2.508583690987132 
2.5093833780160937 
2.5103608431582782 
2.5118728798428926 
2.5135617416131413 
2.514178705189949 
2.5151515151515227 
2.5164796009264285 
2.5183404558404634 
2.518597615234035 
2.518676627534693 
2.5191111111111186 
2.520078180525949 
2.5198011010477788 
2.520056798012077 
2.5192478268582654 
2.518971631205681 
2.518518518518526 
2.5182430038965715 
2.5184988493538754 
2.5180467091295196 
2.5172413793103527 
2.5169671261930087 
2.5165165165165244 
2.5162429378531153 
2.5163225692606397 
2.5158730158730243 
2.515952758681482 
2.516208597603955 
2.515583729529855 
2.515135515663507 
2.515215479331583 
2.515822784810135 
2.5157265858372955 
2.515806111696531 
2.5162366157626908 
2.5171929824561485 
2.516745572505707 
2.516649141254828 
2.5170782974251265 
2.518032212885162 
2.51723534558181 
2.5167890870933975 
2.5168676804754497 
2.517470300489177 
2.517199231709455 
2.5172774869110035 
2.517006802721097 
2.5170850767085162 
2.5175117616309546 
2.5182863113897684 
2.5183637946040123 
2.5189631176061327 
2.520083463745445 
2.5198123044838465 
2.5197151294076865 
2.5199652777777866 
2.519347562033672 
2.519250780437053 
2.5189807592303777 
2.518364518364527 
2.5180952380952464 
2.517653167185886 
2.5175575160007004 
2.517980636237906 
2.5177121133575335 
2.51796200345424 
2.5175211462109526 
2.5167356797791665 
2.516295913088472 
2.5162013098931486 
2.5164513350559945 
2.517217630854003 
2.517638960591989 
2.516855865153087 
2.516589307203034 
2.515807560137465 
2.5153700841490725 
2.5151047030552776 
2.515354263166932 
2.51508916323732 
2.5153384747215166 
2.5154162384378296 
2.516007532956694 
2.5159137577002135 
2.515135967162656 
2.5148717948718033 
2.51477874594226 
2.515198087431702 
2.515787677078008 
2.5150119413169647 
2.5147485080989 
2.514655760054541 
2.514392778061667 
2.5144705481784215 
2.5150587034201206 
2.5146258503401446 
2.5141934387217493 
2.5142711518858394 
2.5138393615214896 
2.5137474541751614 
2.5138252756573456 
2.5144116649711856 
2.513641755634647 
2.5133807588075974 
2.512950736414433 
2.513028764805424 
2.512261119567065 
2.5120013522650533 
2.511572900827852 
2.5114826072272973 
2.5118987341772243 
2.511977058029699 
2.512392513909974 
2.5121334681496554 
2.5122115546572434 
2.512794612794622 
2.5138818778394847 
2.5136226034308877 
2.513699781475888 
2.5142809139785047 
2.5145256087321677 
2.514937898623709 
2.515853044791152 
2.5172702883970586 
2.5191888721300577 
2.5209380234505954 
2.523020257826897 
2.5222556894243735 
2.521826392373316 
2.521899030424617 
2.5224728487886483 
2.5217100868403572 
2.5212819228843366 
2.521354688021365 
2.521594130398543 
2.5208333333333437 
2.5204064634349597 
2.5199800199800304 
2.520053253453164 
2.5196274118429915 
2.5188694929343414 
2.5182784978398245 
2.5181863477827706 
2.5179282868526 
2.5175045628007404 
2.5174129353233936 
2.5178186640145968 
2.5177269715043176 
2.5181321410829707 
2.5183714001986197 
2.5187758478081155 
2.5195105820105916 
2.5207403734919946 
2.5199867855963096 
2.5197292388971535 
2.5193069306930793 
2.519049975259782 
2.5182987141444215 
2.518042511122106 
2.5176218708827505 
2.517530864197541 
2.5179335307667094 
2.517678013484634 
2.517258382643008 
2.516510596352893 
2.516256157635478 
2.516494337764658 
2.5162401574803246 
2.5164781111657746 
2.5165519501802787 
2.5161343161343264 
2.5162082514734876 
2.516282114220269 
2.5168465816159737 
2.5169200588523895 
2.517320261437919 
2.517066797321585 
2.5168135814560992 
2.5165606134769236 
2.516634050880637 
2.5171964140179406 
2.5169436298468666 
2.5171796124409815 
2.517903645833344 
2.517650886611366 
2.517073170731718 
2.5168210628961587 
2.5168940870695367 
2.5174541321643233 
2.518175916910105 
2.5185725871857367 
2.519293125810646 
2.5204991087344135 
2.5204081632653166 
2.5204791970212184 
2.5208737864077775 
2.5217531942422875 
2.5231167151632823 
2.5228631442882636 
2.522932816537478 
2.52316384180792 
2.523878670538894 
2.523463957426232 
2.522888459058682 
2.5223135169969493 
2.522061191626419 
2.5218091099308007 
2.522039897039907 
2.5221096639331186 
2.522500803600139 
2.523373493975914 
2.523442517662181 
2.5227090354678325 
2.5224574911774242 
2.521725188391865 
2.5214743589743693 
2.520743232420321 
2.520333013128413 
2.5204032645223347 
2.5206333973128707 
2.5213429256594835 
2.520613614573357 
2.52036415908003 
2.519955300127725 
2.519865964576363 
2.5200956937799153 
2.5206440299697226 
2.521510516252401 
2.522853957636577 
2.5230818210761012 
2.522673031026264 
2.5225826972010283 
2.5229693212525937 
2.522878932316502 
2.523106241067185 
2.5238095238095344 
2.5241948278597595 
2.525055502695855 
2.5246473292122467 
2.524556400506981 
2.524782264449733 
2.52548274770498 
2.525391551969635 
2.52561669829223 
2.5263157894736943 
2.5255924170616213 
2.5251855360808566 
2.5252525252525353 
2.5250039438397325 
2.524282560706412 
2.52387706855793 
2.523944549464409 
2.523697055581809 
2.523921938936114 
2.5235173824130985 
2.5231132075471807 
2.5227094137985335 
2.5227772541627504 
2.5230020411367673 
2.5232266164469666 
2.523921568627462 
2.524615867042971 
2.5257796583607695 
2.527098997493745 
2.528886801315182 
2.529107981220668 
2.5294853746285106 
2.530331457160736 
2.531333020784508 
2.530615432677299 
2.530210772833734 
2.529806491885154 
2.529870535017949 
2.5291549734954897 
2.5289075892161557 
2.5281931464174563 
2.527790751985065 
2.5276999688764503 
2.5280759060507183 
2.5279850746268764 
2.527428127428138 
2.527182354768572 
2.527247321844445 
2.5271570453134804 
2.527532185512652 
2.5271317829457467 
2.5271966527196756 
2.527416356877334 
2.5274810342158336 
2.5280099040544832 
2.5276102088167165 
2.5276747062461458 
2.527584608252213 
2.527031201730008 
2.5269414852555303 
2.526543209876554 
2.5259910535246135 
2.5255935861856416 
2.5255047002619926 
2.525261860751705 
2.524865280985384 
2.5246229609110604 
2.524688509460094 
2.5252152521525324 
2.5245120639311622 
2.5242703533026223 
2.523875326270547 
2.523634131368949 
2.5238533517410757 
2.524225697638772 
2.5244444444444554 
2.524969362745109 
2.525953146531936 
2.5257116620753095 
2.525929325378625 
2.526299694189613 
2.526669723368496 
2.5274977085243 
2.527256069628961 
2.527319902319913 
2.527078565980178 
2.527142421469971 
2.5275110501448057 
2.5275746496039107 
2.528095020557343 
2.52861491628616 
2.5283736497794114 
2.5282846715328575 
2.528499772001835 
2.529170464904295 
2.528929384965842 
2.5289921068609704 
2.5287513275679063 
2.5283591143463866 
2.528270425951201 
2.5286363636363745 
2.527941844616094 
2.5277020890100017 
2.527613859888042 
2.526920750151251 
2.5266817838246514 
2.5262919310970187 
2.5257513970699392 
2.525513285024165 
2.5257280820884365 
2.526395173454007 
2.5261570933212827 
2.5262206148282202 
2.5267359542099816 
2.527250828063847 
2.5280662151994084 
2.5273766546329828 
2.5271387761239015 
2.5267508265704945 
2.5268138801261935 
2.527027027027038 
2.5275401470809054 
2.5285028502850393 
2.528565002249224 
2.528776978417277 
2.5292883895131197 
2.5302485774184 
2.5309085466247683 
2.5318671454219146 
2.532974427994628 
2.534529147982074 
2.5357836545644816 
2.5353942652329864 
2.5350052246604085 
2.534765741569692 
2.534824757643561 
2.5353309481216577 
2.5346446133214244 
2.534256776884135 
2.5343159148429484 
2.534821428571441 
2.5341365461847514 
2.5336009515313833 
2.5332144449398255 
2.5332739156268693 
2.5331848552338654 
2.5330958741466434 
2.533452010087536 
2.533214709371305 
2.5331258337038802 
2.5327407407407527 
2.532800236931746 
2.5325636471284905 
2.532623169107868 
2.5328305235137654 
2.5334811529933603 
2.5338356973995393 
2.534632993649399 
2.5342485975789906 
2.533716983916199 
2.533185840707976 
2.53309744950613 
2.5327144120247684 
2.5326263072617583 
2.5323910482921197 
2.532155997056671 
2.532362459546937 
2.531980591089557 
2.5318930041152377 
2.5316585867489465 
2.531864904552141 
2.5311903713489032 
2.5306631455399176 
2.53057633084031 
2.530636177074183 
2.5311355311355426 
2.5311950790861277 
2.5314009661835866 
2.5320456540825402 
2.531373409390095 
2.5311403508772043 
2.530761361975753 
2.5306748466257782 
2.530442400350428 
2.530210157618225 
2.5304157549234247 
2.530621172353467 
2.5299519020551053 
2.5295745920746033 
2.5296344837629356 
2.529403202328978 
2.5294631165430057 
2.5298138452588828 
2.530600377961924 
2.529933158965428 
2.529557007988392 
2.5296167247386876 
2.529241039036436 
2.529155787641439 
2.5292156009859474 
2.529710144927548 
2.529479936259609 
2.529394729220979 
2.529599073672034 
2.529079861111123 
2.5288503253796213 
2.5289100896212897 
2.5292587776333018 
2.5300404390525824 
2.5312545113324787 
2.531457431457443 
2.5318044136737456 
2.5324394463667934 
2.533362155930261 
2.53471622010949 
2.5346292296616384 
2.534686240644801 
2.5350309308013346 
2.535806729939614 
2.535575679172068 
2.5349137931034593 
2.534539709895171 
2.5345966121160033 
2.534366480126285 
2.533993115318428 
2.534050179211481 
2.533820578962465 
2.5334479300959862 
2.5330756013745823 
2.5331329612136946 
2.533047210300441 
2.5331045331045448 
2.532732990280172 
2.5326475210744506 
2.532990574121691 
2.532619557458969 
2.532391552511427 
2.5320211096847927 
2.5319361277445225 
2.5321362405586547 
2.532763532763544 
2.532108785419348 
2.5315969257045374 
2.5315123061602045 
2.5315699658703186 
2.5310589907604943 
2.5308326229042453 
2.5308904985087457 
2.5313742191936512 
2.5314318149567305 
2.5317730496454014 
2.532539344959603 
2.531887755102052 
2.5315200453322113 
2.5315774568111133 
2.5313517338995166 
2.5308432371250826 
2.5306180172535826 
2.5306757138818328 
2.5311572700296856 
2.531779661016961 
2.532825074121147 
2.5331639853231844 
2.533784736916361 
2.5346869712352067 
2.535588442565199 
2.536770921386318 
2.536544148711461 
2.536739864864877 
2.53707612213312 
2.5378340365682255 
2.5377477857444233 
2.537942664418224 
2.538137378845355 
2.538753159224948 
2.5381052631579064 
2.5375982042648824 
2.537372037582398 
2.5375665825623885 
2.5376208490962706 
2.53809523809525 
2.5380092398152154 
2.5383431290232417 
2.537697580081142 
2.5371923937360297 
2.536967155835092 
2.537161218217391 
2.536796536796549 
2.5364321608040323 
2.536068089856298 
2.536122733612286 
2.5357590966123085 
2.5356744704570913 
2.5360078005293336 
2.5357839042049686 
2.53569937369521 
2.5358931552587762 
2.536364900570169 
2.537253266611077 
2.538557732388507 
2.5379166666666784 
2.537414965986406 
2.537330002775476 
2.5369676792897877 
2.536328341652812 
2.536105336105347 
2.53602105846496 
2.5357983658773136 
2.535852713178306 
2.535215165352163 
2.534993084370689 
2.53435642195494 
2.534134881149818 
2.533775383340252 
2.53369235017952 
2.5334713595583276 
2.5336644591611592 
2.5333057509309174 
2.5332230493520926 
2.5335538101143835 
2.5331955922865124 
2.533250722841812 
2.53344343517755 
2.5339111294538563 
2.533828382838295 
2.533470790378018 
2.533525693871954 
2.5328938332646724 
2.532399780340483 
2.532317826265964 
2.5320987654321097 
2.5316056492527186 
2.5315241228070278 
2.5315796684477427 
2.5314982196658553 
2.5315537303217077 
2.532019704433508 
2.531391054575308 
2.5310363686081594 
2.531091977586453 
2.5315573770491913 
2.5309299467431488 
2.5305760305760416 
2.5303588484104353 
2.5305510092744243 
2.5304703476482726 
2.530117198146645 
2.5300367797302927 
2.5302287581699456 
2.5308289097590966 
2.530204081632664 
2.52998776009793 
2.52936378466559 
2.528740317977997 
2.5285248573757237 
2.528445349626623 
2.528230184581987 
2.5277438610772047 
2.5275291564958065 
2.5277212959197612 
2.5275067750677613 
2.526886089665458 
2.5265366910371077 
2.526593585058882 
2.5266504329004436 
2.526572008113601 
2.5259529602595405 
2.525469531144451 
2.5252566180443115 
2.525448899689494 
2.525371120107973 
2.525698097936069 
2.525350593311769 
2.525138158781518 
2.5253300997035946 
2.5253872053872164 
2.5255788906839096 
2.526174135378829 
2.525827280064579 
2.5256151674062233 
2.525672043010764 
2.526131936047304 
2.525785656728456 
2.5254396563297203 
2.524959742351058 
2.524748490945685 
2.524939662107815 
2.5251306795335857 
2.525321543408371 
2.525914021695471 
2.5269076305220994 
2.526294660778815 
2.526083467094714 
2.5260061505548976 
2.5259288960171182 
2.5257181028724216 
2.5255074786324885 
2.525564010145518 
2.525887376567931 
2.5266106442577128 
2.5269333333333432 
2.5264560842329833 
2.5261124433786404 
2.526168597682791 
2.5258253461128963 
2.525615435795087 
2.5256717212024578 
2.5253290785799867 
2.5252525252525357 
2.5255745981134683 
2.5252324037184697 
2.525288729589815 
2.5254777070063796 
2.5254012468497247 
2.5257226199947063 
2.526441351888678 
2.5267620561738307 
2.5268176400476854 
2.527137940164161 
2.5278549689030134 
2.527645502645512 
2.5278328705540223 
2.5272270684641915 
2.527018100145339 
2.5266772319070356 
2.5260726072607356 
2.52586434415414 
2.5255243371586964 
2.5255801687763815 
2.5255041518386814 
2.525691699604753 
2.525483998419607 
2.5255397577672563 
2.525332280563242 
2.5255196001052456 
2.525838264299813 
2.525236593059947 
2.5248981736959766 
2.524822695035471 
2.5251411316791486 
2.5253280839895114 
2.525908434999354 
2.5258326776816253 
2.525363743609919 
2.5247641509434056 
2.5245579567780054 
2.524221000261858 
2.523753435414222 
2.52367870225014 
2.5230809467765227 
2.5227450980392248 
2.5228015157454684 
2.5225966562173547 
2.5226530878704883 
2.5227094753328205 
2.5231572080887243 
2.5237350026082512 
2.5247034284969456 
2.524628616106342 
2.5248143806174377 
2.525390625000009 
2.525706104386316 
2.526411657559207 
2.5272467160879266 
2.5270410816432745 
2.5272254710851287 
2.526890101325028 
2.526684846123888 
2.5268691588785126 
2.526274815103161 
2.5260700389105137 
2.525995073252957 
2.525920165889069 
2.525974867210786 
2.5262885262885333 
2.5269902912621425 
2.527562111801249 
2.5283921872978983 
2.5296095164210053 
2.529016414631001 
2.528552971576234 
2.5283481854578396 
2.5282726568551577 
2.5285843334623888 
2.5290247678018645 
2.528433268858808 
2.528228924980672 
2.5278958897049417 
2.5278207109737316 
2.527230590961768 
2.5267696267696333 
2.526437668853731 
2.5264917695473317 
2.52628872605734 
2.5263428424569585 
2.5267822736030894 
2.5269645608628726 
2.5274034141958737 
2.5280985373364193 
2.5291778889316467 
2.52858974358975 
2.528130206330905 
2.527799128875231 
2.5278524779101104 
2.5282898105478817 
2.529110684580941 
2.5285239191609175 
2.5283211865490416 
2.5279907975460194 
2.527788424683794 
2.527841634738194 
2.5282777990552865 
2.5276927003573326 
2.5273631840796096 
2.527416475388939 
2.526832377310396 
2.526503567787979 
2.5265571264807103 
2.5263559969442397 
2.5264095710831183 
2.5268447837150205 
2.5274068421722067 
2.527714213068912 
2.528275511500834 
2.529217479674805 
2.5286349206349286 
2.5281797410510363 
2.527978682908268 
2.528158295281591 
2.5279573982502934 
2.528136882129286 
2.52869631318891 
2.528875379939218 
2.5288011140650797 
2.529106555302463 
2.5295382669196793 
2.5294638340920668 
2.5296422702566126 
2.5294414960828986 
2.529619805481882 
2.5296717171717247 
2.5299760191846596 
2.5306585919757834 
2.5307100517089243 
2.531139687342418 
2.5310649023314507 
2.5312421264802296 
2.531671074172027 
2.5319738167170276 
2.53252799798667 
2.533333333333342 
2.5345152772538753 
2.5360734037204717 
2.5354944088453415 
2.535041446872654 
2.5347143753923507 
2.5346385542168766 
2.534939154434835 
2.5343616754452056 
2.5341607120471443 
2.5338345864661744 
2.5337592383815695 
2.533934385174063 
2.5344849167605545 
2.534409409409418 
2.5347091932457873 
2.534633658414612 
2.5349331333583387 
2.534607696151933 
2.5345322842512887 
2.534332084893891 
2.534506427056042 
2.5346806387225627 
2.5344806085546905 
2.5341560708052935 
2.534080996884743 
2.5343796711509796 
2.535051674760312 
2.5348518795120816 
2.534776657956957 
2.535074626865679 
2.5345020514733383 
2.534054188416612 
2.533855137284142 
2.5340288127173443 
2.5334574798262017 
2.5328865723504657 
2.532688252077912 
2.532366071428578 
2.53229205404736 
2.5320941759603537 
2.53189644493993 
2.531946508172369 
2.5317489788340204 
2.5319227913882765 
2.5316017316017376 
2.5316518298714206 
2.5315782968730747 
2.5318754633061586 
2.5313078918117884 
2.5309876543209944 
2.530791065037647 
2.530594621268203 
2.530768282155636 
2.5305719921104597 
2.5301293900184905 
2.5299334811529994 
2.5297377170299287 
2.52991137370754 
2.529838808908583 
2.530012300123008 
2.530554530923405 
2.530358898721737 
2.5302862759552833 
2.5304593465978935 
2.531000613873548 
2.5308051055473797 
2.530977794135695 
2.5310277164581865 
2.530587225695728 
2.530269607843144 
2.530319735391407 
2.5307372030369892 
2.5305422940384443 
2.5304698972099917 
2.5306422018348687 
2.531058938615805 
2.531719838650538 
2.531769305962861 
2.5320630267497317 
2.532600732600739 
2.5335042109117607 
2.534773060029289 
2.5342114892060073 
2.533772250670575 
2.53369896404632 
2.53338206627681 
2.5333089757642253 
2.5329924519113773 
2.533041255932829 
2.5329683698296908 
2.533138757144602 
2.533673717481165 
2.5331145947259768 
2.5325558794946623 
2.5323618700667954 
2.532046613255652 
2.5318529304696105 
2.5314167879670135 
2.531344731417492 
2.5311515151515223 
2.531079607415492 
2.531250000000007 
2.5317835088993896 
2.5315904139433623 
2.531639443436184 
2.5320512820512895 
2.531495586990698 
2.531182015953597 
2.5312311223873456 
2.5309178743961422 
2.530846311722813 
2.5305334298817352 
2.5303414163349087 
2.5305113362276965 
2.53080168776372 
2.5314533622559723 
2.531381761233593 
2.531430635838157 
2.5318406163476657 
2.5312876052948323 
2.5310958739324017 
2.5307840307840377 
2.530712826060831 
2.5310021629416073 
2.5308108108108174 
2.53085975024016 
2.5310286880326553 
2.5308375329973667 
2.5306465155331717 
2.5306954436450906 
2.5309840584921557 
2.5315121016055664 
2.5323990897113497 
2.5318486590038383 
2.5315380011968953 
2.5315865039483203 
2.5310369573017653 
2.530726924916315 
2.5307756663081227 
2.5305854241338186 
2.530753612803065 
2.530444126074506 
2.530492898913959 
2.529945120496309 
2.529755515802035 
2.529208392942306 
2.5290191872244145 
2.5284727186085374 
2.5280457306180852 
2.5279761904761977 
2.528263715339767 
2.528075184392108 
2.528124628374368 
2.5285306704707637 
2.528342245989313 
2.528391541933959 
2.528084550528449 
2.528015194681869 
2.527945888216455 
2.5281138790035667 
2.528637495553192 
2.5286865813181683 
2.528143144922392 
2.5279554607912895 
2.5274126702190722 
2.5272253787878864 
2.526919891137151 
2.526851194700741 
2.5270190374837487 
2.5269503546099363 
2.5272362046555665 
2.5269312544294897 
2.5268626756405785 
2.5267941454202147 
2.527079646017706 
2.527011087520649 
2.527296309397484 
2.5269919849127844 
2.5269235301048734 
2.5267373380447657 
2.5267867655716545 
2.527071563088519 
2.527591481350754 
2.5284638908492187 
2.528630217519113 
2.529031499764934 
2.5284925390670967 
2.5281888653981746 
2.528237642362341 
2.5279342723004765 
2.5279831045406618 
2.527445460943005 
2.5271426896470937 
2.527074542897335 
2.526889279437617 
2.5270555165144137 
2.5273387191195487 
2.527972846441955 
2.527904527904535 
2.5280701754386037 
2.5277680346077473 
2.527349228611508 
2.527281224442115 
2.5269796776454174 
2.527028604786931 
2.526493930905703 
2.52619297631549 
2.5262421273617988 
2.5260580622595388 
2.5262237762237834 
2.5261563555866315 
2.526321919403687 
2.5263709395738805 
2.5264199255121116 
2.5267015706806357 
2.527331937659928 
2.527148006045816 
2.52661552766156 
2.526431973974679 
2.5263646922183574 
2.5266457680250847 
2.526578458681529 
2.526163127973089 
2.525980051032249 
2.5260289855072524 
2.5263096893834085 
2.52624261383386 
2.526407227241145 
2.5269190691212278 
2.5266203703703756 
2.5265532801110777 
2.5268332176729174 
2.527228581338888 
2.5275080906148917 
2.5281340265742394 
2.5278355278355327 
2.5277681561020717 
2.5280470914127475 
2.528095073266418 
2.528489042675899 
2.5292286406087907 
2.5290456431535318 
2.529093213503865 
2.52948629348077 
2.529188255613131 
2.5290055248618835 
2.529168104936146 
2.5288704853922295 
2.5286880533517353 
2.528735632183913 
2.5291278869355445 
2.5286009648518313 
2.528189229532672 
2.5280073461891694 
2.528169822145731 
2.5282174810736464 
2.5282651072124813 
2.528427326914265 
2.528933195829042 
2.528751431844221 
2.5287988091148574 
2.5291895604395664 
2.5296944730518427 
2.5296270876229756 
2.529788450543174 
2.5302926383173356 
2.5311392983659067 
2.531414210646567 
2.532031517643034 
2.531506849315074 
2.5313248887367394 
2.5312571298197635 
2.53107537917665 
2.531121751025997 
2.5315099715099767 
2.53132832080201 
2.5308051474775133 
2.5306238615664896 
2.5303288949584664 
2.5301478953356136 
2.5300807460479975 
2.5303547066848613 
2.530060234117518 
2.5301067939104795 
2.529585462805229 
2.529064486830159 
2.528884349109073 
2.5283639664170683 
2.528184189633667 
2.52789115646259 
2.5274849824322843 
2.5274189893496537 
2.527239778004309 
2.527400362318846 
2.5279003961516753 
2.5273817605793223 
2.5269765863590146 
2.5267978290366404 
2.526958290946089 
2.526892655367237 
2.5264881960917256 
2.526309846431803 
2.5261316175640642 
2.526292033401043 
2.5263395375070554 
2.5261614794767757 
2.526321722466469 
2.526594545864328 
2.5267545341894837 
2.5271396396396453 
2.5275244849712992 
2.5282466801710615 
2.529080886488925 
2.5301394511920887 
2.531422147273755 
2.5330411328388456 
2.5349960678575494 
2.534815813117705 
2.534860222297075 
2.5350168350168407 
2.535509929316734 
2.535329744279952 
2.5352618006503027 
2.535530150190546 
2.535910364145664 
2.535394265232981 
2.53521442167731 
2.534922766957696 
2.5348550967886374 
2.5351230425055986 
2.5349435312535005 
2.534875922199872 
2.535031847133764 
2.5355227882037594 
2.535231714126193 
2.5352757311900045 
2.5352081240932995 
2.5350290049085293 
2.535073045611694 
2.5352285395763725 
2.5356068204613913 
2.536319073083786 
2.5371422207372825 
2.537185482075268 
2.5374513077351204 
2.537939474855369 
2.5384273162051003 
2.5392483878141046 
2.539846615538519 
2.5394444444444506 
