[0.0003, 0.0003, 0.0003] 
[0.0003, 0.0003, 0.0003] 
[0.0003, 0.0003, 0.0003] 
[0.0003, 0.0003, 0.0003] 
[0.0003, 0.0003, 0.0003] 
[0.0003, 0.0003, 0.0002742562313210292] 
[0.0003, 0.0003, 0.0003] 
[0.0003, 0.0003, 0.0003] 
[0.0003, 0.0003, 0.0003] 
[0.0003, 0.0003, 0.0003] 
[0.0002584411306861082, 0.0003, 0.0003] 
[0.0003, 0.0003, 0.0003] 
[0.0003, 0.0003, 0.0003] 
[0.0003, 0.0003, 0.0003] 
[0.0003, 0.0003, 0.0003] 
[0.0003, 0.0003, 0.0003] 
[0.00026867469309551425, 0.0003, 0.0003] 
[0.0003, 0.0003, 0.0003] 
[0.0003, 0.0003, 0.0003] 
[0.0003, 0.00026290257194958494, 0.0003] 
[0.0003, 0.0003, 0.0003] 
[0.0003, 0.0003, 0.0003] 
[0.0003, 0.0003, 0.0003] 
[0.0003, 0.0003, 0.0003] 
[0.0003, 0.0003, 0.0003] 
[0.0003, 0.0003, 0.0003] 
[0.0003, 0.0003, 0.0003] 
[0.0002520314697179265, 0.0003, 0.0003] 
[0.0003, 0.0003, 0.0003] 
[0.0003, 0.0003, 0.0003] 
[0.0003, 0.0003, 0.0003] 
[0.0003, 0.0003, 0.0003] 
[0.0003, 0.0003, 0.00021722817728653146] 
[0.0003, 0.0003, 0.0003] 
[0.0003, 0.0003, 0.0003] 
[0.0003, 0.00022426000284750408, 0.0003] 
[0.0003, 0.0003, 0.0003] 
[0.0003, 0.0003, 0.0003] 
[0.0003, 0.0003, 0.0003] 
[0.0003, 0.0003, 0.0003] 
[0.0003, 0.0003, 0.00028335968952548457] 
[0.00026798670678459597, 0.0003, 0.00028335968952548457] 
[0.0003, 0.0003, 0.0003] 
[0.0003, 0.0003, 0.0003] 
[0.0003, 0.0003, 0.0003] 
[0.0003, 0.0003, 0.0003] 
[0.0003, 0.0003, 0.0003] 
[0.0003, 0.0003, 0.0003] 
[0.0003, 0.0003, 0.0002768570056633678] 
[0.0003, 0.0003, 0.0003] 
[0.0003, 0.0003, 0.0003] 
[0.0003, 0.0003, 0.0003] 
[0.00022134342499563866, 0.0002037675626239922, 0.0003] 
[0.0003, 0.0003, 0.0003] 
[0.0003, 0.0003, 0.0003] 
[0.0003, 0.0003, 0.0003] 
[0.0003, 0.0003, 0.0003] 
[0.0003, 0.0003, 0.0003] 
[0.0003, 0.0003, 0.0003] 
[0.0003, 0.0003, 0.0003] 
[0.0003, 0.0003, 0.0003] 
[0.0003, 0.0003, 0.0003] 
[0.0003, 0.0003, 0.0003] 
[0.0003, 0.0003, 0.0003] 
[0.0003, 0.0003, 0.0003] 
[0.00025354514877590835, 0.0003, 0.0002647442264754618] 
[0.0003, 0.0003, 0.0003] 
[0.0003, 0.0003, 0.0003] 
[0.0003, 0.00022991702307131745, 0.0003] 
[0.0003, 0.0003, 0.0003] 
[0.0003, 0.0003, 0.0003] 
[0.0003, 0.0003, 0.0003] 
[0.00026704754233327006, 0.0003, 0.0003] 
[0.0003, 0.0003, 0.0003] 
[0.0003, 0.0003, 0.0003] 
[0.0003, 0.0003, 0.0003] 
[0.0003, 0.0003, 0.0003] 
[0.0003, 0.000273721109542865, 0.0003] 
[0.0003, 0.0003, 0.0003] 
[0.0003, 0.0003, 0.000246077278377289] 
[0.0003, 0.0003, 0.0003] 
[0.0003, 0.0003, 0.0003] 
[0.0003, 0.0003, 0.0003] 
[0.0003, 0.0003, 0.0003] 
[0.00026855858640813994, 0.0003, 0.0003] 
[0.0003, 0.0003, 0.0003] 
[0.0003, 0.0003, 0.0003] 
[0.0003, 0.0003, 0.0003] 
[0.0003, 0.0003, 0.0003] 
[0.0003, 0.0003, 0.0003] 
[0.00027988193352969446, 0.0003, 0.0003] 
[0.00027988193352969446, 0.0003, 0.0002667560495150233] 
[0.0003, 0.0003, 0.0003] 
[0.0003, 0.0003, 0.0003] 
[0.0003, 0.0002805902187002598, 0.0003] 
[0.0003, 0.0003, 0.0003] 
[0.00026706072918437446, 0.0003, 0.0003] 
[0.0003, 0.0003, 0.0003] 
[0.0003, 0.0003, 0.0003] 
[0.0003, 0.0003, 0.0003] 
[0.0003, 0.0003, 0.0003] 
[0.0003, 0.0003, 0.0003] 
[0.0003, 0.0003, 0.0003] 
[0.0003, 0.00026555028842977207, 0.0003] 
[0.0003, 0.0003, 0.0003] 
[0.0003, 0.0003, 0.0003] 
[0.0003, 0.0003, 0.0003] 
[0.00025104298858420163, 0.0003, 0.0003] 
[0.0003, 0.0003, 0.0003] 
[0.0003, 0.0003, 0.0003] 
[0.0003, 0.0003, 0.00022137132271332242] 
[0.0003, 0.0003, 0.0003] 
[0.0003, 0.0003, 0.0003] 
[0.0003, 0.0002516047593620423, 0.0003] 
[0.0003, 0.0003, 0.0003] 
[0.0003, 0.0002902301441748091, 0.0003] 
[0.0003, 0.0003, 0.0003] 
[0.0003, 0.0003, 0.0003] 
[0.00026770951802240425, 0.0003, 0.0003] 
[0.0003, 0.0003, 0.0003] 
[0.0003, 0.0003, 0.0003] 
[0.0003, 0.0003, 0.0003] 
[0.0003, 0.0003, 0.0003] 
[0.0003, 0.0003, 0.00028032024841517783] 
[0.0003, 0.0003, 0.0003] 
[0.0003, 0.00025423363163114087, 0.0003] 
[0.0003, 0.0003, 0.0003] 
[0.0003, 0.0003, 0.0003] 
[0.0003, 0.0003, 0.0003] 
[0.0002795386254458291, 0.0003, 0.0003] 
[0.0003, 0.0003, 0.0003] 
[0.0003, 0.0003, 0.0003] 
[0.0003, 0.0003, 0.0003] 
[0.0003, 0.00027833118995183105, 0.0003] 
[0.0003, 0.0003, 0.0003] 
[0.0003, 0.0003, 0.0003] 
[0.0003, 0.0003, 0.0003] 
[0.0002771670875547769, 0.0003, 0.0003] 
[0.0003, 0.0003, 0.0003] 
[0.0003, 0.0003, 0.0003] 
[0.0003, 0.0003, 0.0003] 
[0.0003, 0.0003, 0.0003] 
[0.0003, 0.0003, 0.0003] 
[0.0003, 0.0003, 0.0003] 
[0.0002468097887644388, 0.0003, 0.000242095838927238] 
[0.0003, 0.0003, 0.0003] 
[0.0003, 0.0002529796241454714, 0.0003] 
[0.0003, 0.0003, 0.0003] 
[0.0003, 0.0003, 0.0003] 
[0.0003, 0.0003, 0.0003] 
[0.0003, 0.0003, 0.0003] 
[0.0003, 0.0003, 0.0003] 
[0.00027531318651973137, 0.0003, 0.0003] 
[0.0003, 0.0003, 0.0003] 
[0.0003, 0.0003, 0.0003] 
[0.0003, 0.0003, 0.0003] 
[0.0003, 0.0003, 0.0003] 
[0.0003, 0.0003, 0.0003] 
[0.0003, 0.0003, 0.0003] 
[0.0003, 0.0002786860206046143, 0.0003] 
[0.0003, 0.0003, 0.0003] 
[0.0003, 0.0003, 0.0003] 
[0.00024027439241251097, 0.0003, 0.0003] 
[0.0003, 0.0003, 0.0003] 
[0.0003, 0.0003, 0.0003] 
[0.0002618762277193208, 0.0003, 0.0002546384169358096] 
[0.0003, 0.0003, 0.0003] 
[0.0003, 0.0002580118586380721, 0.0003] 
[0.0003, 0.0003, 0.0003] 
[0.0003, 0.0003, 0.0003] 
[0.0003, 0.0003, 0.0002808939881054615] 
[0.0003, 0.0003, 0.0003] 
[0.0003, 0.0003, 0.0003] 
[0.0003, 0.0003, 0.0003] 
[0.0003, 0.0003, 0.0003] 
[0.00025240610720550386, 0.0003, 0.0003] 
[0.0003, 0.0003, 0.0003] 
[0.0002891685362011871, 0.0003, 0.0003] 
[0.0003, 0.0003, 0.0003] 
[0.0003, 0.0003, 0.0003] 
[0.0003, 0.0003, 0.0003] 
[0.0003, 0.0002231667534858056, 0.0003] 
[0.0003, 0.0003, 0.0003] 
[0.0003, 0.0003, 0.00024000418382523172] 
[0.0003, 0.0003, 0.0003] 
[0.0003, 0.0003, 0.0003] 
[0.00024581703331374267, 0.0003, 0.0003] 
[0.0003, 0.0003, 0.0003] 
[0.0003, 0.0003, 0.0003] 
[0.0003, 0.0003, 0.0003] 
[0.0003, 0.0003, 0.0003] 
[0.0003, 0.0003, 0.0003] 
[0.0003, 0.0003, 0.0002824124291109212] 
[0.0003, 0.0002537883899815468, 0.0002824124291109212] 
[0.0003, 0.0003, 0.0003] 
[0.0003, 0.0003, 0.0003] 
[0.0003, 0.0003, 0.0003] 
[0.0003, 0.0003, 0.0002737343233019175] 
[0.0003, 0.0003, 0.0003] 
[0.0003, 0.0003, 0.0003] 
[0.0002511731543162233, 0.0003, 0.0003] 
[0.0003, 0.0003, 0.0003] 
[0.0003, 0.0003, 0.0003] 
[0.0003, 0.0003, 0.0003] 
[0.0003, 0.0003, 0.0003] 
[0.0003, 0.0002641074453401057, 0.0003] 
[0.0003, 0.0003, 0.0003] 
[0.0003, 0.0003, 0.0003] 
[0.0003, 0.0003, 0.0002837245043170749] 
[0.0003, 0.0003, 0.0003] 
[0.0002754142413458088, 0.0003, 0.0003] 
[0.0003, 0.0003, 0.0003] 
[0.0003, 0.0003, 0.0003] 
[0.0003, 0.0003, 0.0003] 
[0.0003, 0.0003, 0.0003] 
[0.0003, 0.0003, 0.0003] 
[0.0003, 0.0003, 0.0003] 
[0.0003, 0.0003, 0.0003] 
[0.0003, 0.0003, 0.0003] 
[0.0003, 0.0003, 0.0003] 
[0.0003, 0.00022597665413790266, 0.0003] 
[0.0003, 0.0003, 0.0003] 
[0.0003, 0.0003, 0.0003] 
[0.0003, 0.0003, 0.0002550713741231816] 
[0.0003, 0.0003, 0.0003] 
[0.0002579384228840309, 0.0003, 0.0003] 
[0.0003, 0.0003, 0.0003] 
[0.0003, 0.0002587265685191458, 0.0003] 
[0.0003, 0.0003, 0.0003] 
[0.0003, 0.0003, 0.0003] 
[0.0003, 0.0002837564472309859, 0.0003] 
[0.0003, 0.0003, 0.0003] 
[0.0003, 0.0003, 0.0003] 
[0.0003, 0.0003, 0.0003] 
[0.0002738368962780012, 0.0003, 0.0003] 
[0.0003, 0.0003, 0.0003] 
[0.0003, 0.0003, 0.0003] 
[0.0003, 0.0003, 0.0003] 
[0.0003, 0.0003, 0.0003] 
[0.0003, 0.0003, 0.0003] 
[0.0003, 0.0003, 0.00024457179097708007] 
[0.0003, 0.0003, 0.0003] 
[0.0003, 0.0002584609508553265, 0.0003] 
[0.0003, 0.0003, 0.0003] 
[0.0003, 0.0003, 0.0003] 
[0.0003, 0.0003, 0.0003] 
[0.0003, 0.0003, 0.0003] 
[0.0003, 0.0003, 0.0003] 
[0.0003, 0.0003, 0.0003] 
[0.0002484777768494312, 0.0003, 0.0003] 
[0.0003, 0.0003, 0.0003] 
[0.0003, 0.0003, 0.0003] 
[0.0003, 0.0003, 0.0003] 
[0.0002848052711059841, 0.0003, 0.0003] 
[0.0002848052711059841, 0.0003, 0.00025845911622366416] 
[0.0003, 0.0003, 0.0003] 
[0.0003, 0.0003, 0.0003] 
[0.0003, 0.0003, 0.0003] 
[0.0003, 0.0002396502360856887, 0.0003] 
[0.0003, 0.0003, 0.0003] 
[0.0003, 0.0003, 0.0003] 
[0.00027233093177521264, 0.0003, 0.0003] 
[0.0003, 0.0003, 0.0003] 
[0.0003, 0.0003, 0.0002662178601723854] 
[0.0003, 0.0003, 0.0003] 
[0.0003, 0.0003, 0.0003] 
[0.0003, 0.0003, 0.0003] 
[0.0003, 0.0003, 0.0003] 
[0.0003, 0.0003, 0.0003] 
[0.0003, 0.0003, 0.0003] 
[0.0003, 0.0003, 0.0002784748221552622] 
[0.0003, 0.0003, 0.0003] 
[0.0003, 0.00027316279446850625, 0.0003] 
[0.0003, 0.0003, 0.0003] 
[0.00027310497281538037, 0.0003, 0.0003] 
[0.0003, 0.0003, 0.0003] 
[0.0003, 0.0003, 0.0003] 
[0.0003, 0.0003, 0.0003] 
[0.0003, 0.0003, 0.0003] 
[0.0003, 0.0003, 0.0003] 
[0.0003, 0.00027360602581132565, 0.0003] 
[0.0003, 0.00027360602581132565, 0.0002726972096419439] 
[0.0003, 0.0003, 0.0003] 
[0.0003, 0.0003, 0.0003] 
[0.0002792702577468625, 0.0003, 0.0003] 
[0.0003, 0.0003, 0.0003] 
[0.0003, 0.0003, 0.0003] 
[0.0003, 0.0003, 0.0003] 
[0.0003, 0.00026337764067646703, 0.0003] 
[0.0003, 0.0003, 0.0003] 
[0.0003, 0.0003, 0.0003] 
[0.0003, 0.0003, 0.0003] 
[0.0003, 0.0003, 0.0003] 
[0.0003, 0.0003, 0.0002616549151836586] 
[0.0003, 0.0003, 0.0003] 
[0.0003, 0.0003, 0.0003] 
[0.0002858059723472564, 0.0003, 0.0003] 
[0.0003, 0.0003, 0.0003] 
[0.0003, 0.0003, 0.0003] 
[0.0003, 0.0002555987733728137, 0.0003] 
[0.0003, 0.0003, 0.0003] 
[0.0003, 0.0003, 0.0003] 
[0.0003, 0.0003, 0.0003] 
[0.0003, 0.0003, 0.0003] 
[0.0003, 0.0003, 0.0003] 
[0.0003, 0.0003, 0.0003] 
[0.0003, 0.0003, 0.0003] 
[0.0003, 0.0003, 0.0003] 
[0.0003, 0.0003, 0.00025904103119961424] 
[0.0003, 0.0003, 0.0003] 
[0.0003, 0.00027644541967659724, 0.0003] 
[0.0003, 0.0003, 0.0003] 
[0.0003, 0.0003, 0.0003] 
[0.0003, 0.0003, 0.00027427800041104997] 
[0.0003, 0.0003, 0.0003] 
[0.00025881449489904666, 0.0003, 0.0003] 
[0.0003, 0.0003, 0.0003] 
[0.0003, 0.0003, 0.0003] 
[0.0003, 0.0003, 0.0003] 
[0.0003, 0.00026699276458368, 0.0003] 
[0.0003, 0.0003, 0.0003] 
[0.0003, 0.0003, 0.0003] 
[0.00027769477134643783, 0.0003, 0.0003] 
[0.0003, 0.0003, 0.0003] 
[0.0003, 0.0003, 0.0003] 
[0.0003, 0.0002866654879283432, 0.0003] 
[0.0003, 0.0003, 0.0003] 
[0.0003, 0.0003, 0.0003] 
[0.0003, 0.0003, 0.0003] 
[0.0003, 0.0003, 0.0003] 
[0.0003, 0.0003, 0.0003] 
[0.0003, 0.0003, 0.0003] 
[0.0003, 0.0003, 0.0002792075599974032] 
[0.0003, 0.0003, 0.0003] 
[0.0003, 0.0002770325359178043, 0.0003] 
[0.0003, 0.0003, 0.0003] 
[0.0003, 0.0003, 0.0003] 
[0.0002094994989398808, 0.0003, 0.0003] 
[0.0003, 0.0003, 0.0003] 
[0.0003, 0.0003, 0.0003] 
[0.0003, 0.0003, 0.0003] 
[0.0003, 0.0003, 0.0003] 
[0.0003, 0.0003, 0.0003] 
[0.0003, 0.0003, 0.0003] 
[0.0003, 0.0003, 0.0003] 
[0.0003, 0.0003, 0.0003] 
[0.0003, 0.0003, 0.0002168539095795198] 
[0.0003, 0.0003, 0.0003] 
[0.0003, 0.0003, 0.0003] 
[0.0002809250268902381, 0.0003, 0.0003] 
[0.0003, 0.0003, 0.0003] 
[0.0003, 0.00019265283171820578, 0.0003] 
[0.0003, 0.0003, 0.0003] 
[0.0003, 0.0003, 0.0003] 
[0.0003, 0.0003, 0.0003] 
[0.0003, 0.0003, 0.0003] 
[0.0003, 0.0003, 0.0003] 
[0.0003, 0.0003, 0.0003] 
[0.0003, 0.0003, 0.0003] 
[0.0003, 0.0003, 0.0003] 
[0.00028677014124076517, 0.0003, 0.0003] 
[0.0003, 0.0003, 0.0003] 
[0.0003, 0.0003, 0.0003] 
[0.00027909354270750893, 0.0003, 0.0002051171074894523] 
[0.0003, 0.0003, 0.0003] 
[0.0003, 0.0002528482311066764, 0.0003] 
[0.0003, 0.0003, 0.0003] 
[0.0003, 0.0003, 0.0003] 
[0.0003, 0.0003, 0.0003] 
[0.0003, 0.0003, 0.0003] 
[0.0003, 0.0003, 0.0003] 
[0.0003, 0.0003, 0.0003] 
[0.0002751253917776278, 0.0003, 0.0003] 
[0.0003, 0.0003, 0.0003] 
[0.0003, 0.0003, 0.0003] 
[0.0003, 0.0003, 0.0002604207910086842] 
[0.0003, 0.0003, 0.0003] 
[0.0003, 0.0003, 0.0003] 
[0.0003, 0.0003, 0.0003] 
[0.00027346084514368675, 0.0003, 0.0003] 
[0.0003, 0.0003, 0.0003] 
[0.0003, 0.0003, 0.00026709682187995415] 
[0.0003, 0.0003, 0.0003] 
[0.0003, 0.0003, 0.0003] 
[0.0003, 0.0003, 0.0003] 
[0.0003, 0.0003, 0.0003] 
[0.0003, 0.0003, 0.0003] 
[0.0003, 0.00013214473041690944, 0.0003] 
[0.0003, 0.0003, 0.0003] 
[0.00026942100821466804, 0.0003, 0.0003] 
[0.0003, 0.0003, 0.0003] 
[0.0003, 0.0003, 0.0003] 
[0.0003, 0.0003, 0.0003] 
[0.0003, 0.0003, 0.0003] 
[0.0003, 0.0003, 0.0003] 
[0.0003, 0.0003, 0.0003] 
[0.0003, 0.0003, 0.0003] 
[0.0003, 0.0003, 0.0003] 
[0.0003, 0.0003, 0.0003] 
[0.0003, 0.0003, 0.0003] 
[0.0003, 0.0003, 0.0003] 
[0.0003, 0.0003, 0.0003] 
[0.00027840298694645395, 0.0003, 0.0003] 
[0.00027840298694645395, 0.0003, 0.00026526135779287197] 
[0.0003, 0.0003, 0.0003] 
[0.0003, 0.00027313756591181585, 0.0003] 
[0.0003, 0.0003, 0.0003] 
[0.0003, 0.0003, 0.0003] 
[0.0003, 0.0003, 0.0003] 
[0.0003, 0.0003, 0.0003] 
[0.0003, 0.00027656011419946013, 0.0003] 
[0.0003, 0.0003, 0.0003] 
[0.0003, 0.0003, 0.0003] 
[0.0003, 0.0003, 0.0003] 
[0.000255990148657072, 0.0003, 0.0003] 
[0.0003, 0.0003, 0.0003] 
[0.0003, 0.0003, 0.0003] 
[0.0003, 0.0003, 0.0003] 
[0.0003, 0.0003, 0.0003] 
[0.0003, 0.0003, 0.0003] 
[0.0003, 0.0003, 0.0003] 
[0.0003, 0.0003, 0.00024067243606502734] 
[0.0003, 0.0003, 0.0003] 
[0.0003, 0.0003, 0.0003] 
[0.0003, 0.0003, 0.0003] 
[0.0003, 0.0003, 0.0003] 
[0.0002473022329894752, 0.0003, 0.0003] 
[0.0002473022329894752, 0.000283874789549012, 0.0003] 
[0.0003, 0.0003, 0.0003] 
[0.0003, 0.0003, 0.0003] 
[0.0003, 0.0003, 0.0002714170802907715] 
[0.0003, 0.0003, 0.0003] 
[0.0003, 0.0003, 0.0003] 
[0.0003, 0.0003, 0.0003] 
[0.0003, 0.0002850271172125501, 0.0003] 
[0.0003, 0.0003, 0.0003] 
[0.0003, 0.0003, 0.0003] 
[0.0003, 0.0003, 0.0003] 
[0.00023867233453826454, 0.0003, 0.0003] 
[0.0003, 0.0003, 0.0003] 
[0.0003, 0.0003, 0.0003] 
[0.0003, 0.0003, 0.0002700124525070501] 
[0.0003, 0.0003, 0.0003] 
[0.0003, 0.00026936557015526575, 0.0003] 
[0.0003, 0.0003, 0.0003] 
[0.0003, 0.0003, 0.0003] 
[0.0003, 0.0003, 0.0003] 
[0.0003, 0.0003, 0.0003] 
[0.0003, 0.0003, 0.0003] 
[0.0003, 0.0003, 0.0003] 
[0.00025795410471060495, 0.0003, 0.0003] 
[0.0003, 0.0003, 0.0003] 
[0.0003, 0.0003, 0.0003] 
[0.0003, 0.0003, 0.0003] 
[0.0003, 0.0003, 0.0003] 
[0.0003, 0.0003, 0.0003] 
[0.0003, 0.0003, 0.0003] 
[0.0003, 0.0003, 0.0003] 
[0.0003, 0.0003, 0.00024964666885419665] 
[0.0003, 0.0003, 0.0003] 
[0.000239227052015751, 0.00024668421711165065, 0.0003] 
[0.0003, 0.0003, 0.0003] 
[0.0003, 0.0003, 0.0003] 
[0.0003, 0.00028661258537025867, 0.0003] 
[0.0003, 0.0003, 0.0003] 
[0.0003, 0.0003, 0.0003] 
[0.0003, 0.0003, 0.0003] 
[0.0003, 0.0003, 0.0003] 
[0.0002655086718768337, 0.0003, 0.0003] 
[0.0003, 0.0003, 0.0003] 
[0.0003, 0.0003, 0.0003] 
[0.0003, 0.0003, 0.0003] 
[0.0003, 0.0003, 0.0002511324081946091] 
[0.0003, 0.0003, 0.0003] 
[0.0003, 0.0003, 0.0003] 
[0.0003, 0.0002668336729892757, 0.0003] 
[0.0003, 0.0003, 0.0003] 
[0.0003, 0.0003, 0.0003] 
[0.0003, 0.0003, 0.0003] 
[0.0003, 0.0003, 0.0003] 
[0.0003, 0.0003, 0.0003] 
[0.0003, 0.0003, 0.0003] 
[0.0003, 0.0003, 0.0003] 
[0.0003, 0.0003, 0.0003] 
[0.0003, 0.0003, 0.0003] 
[0.0003, 0.0003, 0.0003] 
[0.00023588258459142825, 0.0003, 0.0003] 
[0.0003, 0.0003, 0.0003] 
[0.0003, 0.0003, 0.0003] 
[0.0003, 0.0003, 0.0003] 
[0.0003, 0.0003, 0.0003] 
[0.0003, 0.0003, 0.0003] 
[0.0002647001274480384, 0.0003, 0.0003] 
[0.0003, 0.0003, 0.0003] 
[0.0003, 0.0003, 0.0003] 
[0.0003, 0.0003, 0.00022314165441584112] 
[0.0003, 0.0003, 0.0003] 
[0.0003, 0.00025921366888865323, 0.0003] 
[0.0003, 0.0003, 0.0003] 
[0.0003, 0.0003, 0.0003] 
[0.0003, 0.0003, 0.0003] 
[0.0003, 0.0003, 0.0003] 
[0.0003, 0.0003, 0.0003] 
[0.0003, 0.0003, 0.0003] 
[0.00023098570123300326, 0.0003, 0.0003] 
[0.0003, 0.0003, 0.0003] 
[0.0003, 0.0003, 0.0003] 
[0.0003, 0.0003, 0.0003] 
[0.0003, 0.0003, 0.0003] 
[0.0003, 0.0003, 0.0003] 
[0.0003, 0.0003, 0.0003] 
[0.0003, 0.0003, 0.0003] 
[0.00027315859991413043, 0.0003, 0.0003] 
[0.0003, 0.0003, 0.0003] 
[0.0003, 0.00024199183112755328, 0.0003] 
[0.0003, 0.0003, 0.0003] 
[0.00027883862996971436, 0.0003, 0.0003] 
[0.00027883862996971436, 0.0003, 0.00026502997136040185] 
[0.0003, 0.0003, 0.0002784226860747792] 
[0.0003, 0.0003, 0.0003] 
[0.0003, 0.0003, 0.0003] 
[0.0003, 0.0003, 0.0003] 
[0.0003, 0.0003, 0.0003] 
[0.0003, 0.0003, 0.0003] 
[0.0003, 0.0003, 0.0003] 
[0.0003, 0.0003, 0.0003] 
[0.0003, 0.00026085424087532016, 0.0003] 
[0.0003, 0.0003, 0.0003] 
[0.0003, 0.0003, 0.0003] 
[0.0002619715660504638, 0.0003, 0.0003] 
[0.0003, 0.0003, 0.0003] 
[0.0003, 0.0003, 0.0003] 
[0.000278339405023169, 0.0003, 0.00025282626699545086] 
[0.0003, 0.0003, 0.0003] 
[0.0003, 0.0003, 0.0003] 
[0.0003, 0.00025917467636605093, 0.0003] 
[0.0003, 0.0003, 0.0003] 
[0.0003, 0.0003, 0.0003] 
[0.0003, 0.0003, 0.0003] 
[0.0003, 0.0003, 0.0002709321479381026] 
[0.0003, 0.0003, 0.0003] 
[0.0003, 0.0003, 0.0003] 
[0.0003, 0.00026420000831474714, 0.0003] 
[0.0003, 0.0003, 0.0003] 
[0.0003, 0.0003, 0.0003] 
[0.00025199689632322375, 0.0003, 0.0003] 
[0.0003, 0.0003, 0.0003] 
[0.0003, 0.0003, 0.0003] 
[0.0003, 0.0003, 0.0003] 
[0.0003, 0.0003, 0.0003] 
[0.0003, 0.0003, 0.0003] 
[0.0003, 0.0003, 0.000277146621317812] 
[0.0003, 0.0003, 0.0003] 
[0.0003, 0.0003, 0.0003] 
[0.0002787586196108716, 0.0003, 0.0003] 
[0.0003, 0.0003, 0.0003] 
[0.0003, 0.0003, 0.0003] 
[0.0003, 0.00024573675410144403, 0.0003] 
[0.0003, 0.0003, 0.0003] 
[0.0003, 0.0003, 0.0003] 
[0.0003, 0.0003, 0.0003] 
[0.0002592676731172492, 0.0003, 0.0003] 
[0.0003, 0.0003, 0.0003] 
[0.0003, 0.0003, 0.0003] 
[0.0003, 0.0003, 0.0003] 
[0.0003, 0.0003, 0.0002556532026518492] 
[0.0003, 0.0003, 0.0003] 
[0.0003, 0.0003, 0.0003] 
[0.0003, 0.0003, 0.0003] 
[0.0003, 0.0003, 0.0003] 
[0.00025242992398287326, 0.0003, 0.0003] 
[0.0003, 0.0003, 0.0003] 
[0.0003, 0.0003, 0.0003] 
[0.0003, 0.0003, 0.00025980868410509006] 
[0.0003, 0.0003, 0.0003] 
[0.0003, 0.00026238874533597193, 0.0003] 
[0.0003, 0.0003, 0.0003] 
[0.0003, 0.0003, 0.0003] 
[0.0003, 0.0003, 0.0003] 
[0.0003, 0.0003, 0.0003] 
[0.0003, 0.0003, 0.0003] 
[0.0003, 0.0003, 0.0003] 
[0.000277712921531953, 0.0003, 0.0003] 
[0.0003, 0.0003, 0.0003] 
[0.0003, 0.0003, 0.0003] 
[0.0003, 0.00024211341217427696, 0.0003] 
[0.0003, 0.0003, 0.0003] 
[0.0003, 0.0003, 0.0003] 
[0.0003, 0.0003, 0.0003] 
[0.00027728576116528195, 0.0003, 0.0003] 
[0.0003, 0.0003, 0.0003] 
[0.0003, 0.0003, 0.0003] 
[0.0003, 0.0003, 0.0003] 
[0.0003, 0.00020528351428507265, 0.0002623356694607008] 
[0.0003, 0.0003, 0.0003] 
[0.00028191228539464075, 0.0003, 0.0003] 
[0.0003, 0.0003, 0.0003] 
[0.0003, 0.0003, 0.0003] 
[0.0003, 0.0003, 0.0003] 
[0.0003, 0.0003, 0.0003] 
[0.0003, 0.0003, 0.0003] 
[0.0003, 0.0003, 0.0003] 
[0.0003, 0.0003, 0.0003] 
[0.0003, 0.00023867553338100382, 0.0003] 
[0.0003, 0.0003, 0.0003] 
[0.0003, 0.0003, 0.0003] 
[0.0003, 0.0003, 0.0003] 
[0.0003, 0.0003, 0.0003] 
[0.00020227683453601022, 0.0003, 0.000263755947931407] 
[0.0003, 0.0003, 0.0003] 
[0.0003, 0.0003, 0.0003] 
[0.0003, 0.0003, 0.0003] 
[0.0003, 0.0003, 0.0003] 
[0.0003, 0.0003, 0.0003] 
[0.0003, 0.0003, 0.0003] 
[0.0003, 0.0002723751756752803, 0.0003] 
[0.0003, 0.0003, 0.0003] 
[0.0003, 0.0003, 0.0003] 
[0.0003, 0.0003, 0.0003] 
[0.0003, 0.0003, 0.0003] 
[0.00024068917167036755, 0.0003, 0.0003] 
[0.0003, 0.0003, 0.0003] 
[0.0003, 0.0003, 0.00028025759307471126] 
[0.0003, 0.0003, 0.0003] 
[0.0003, 0.0003, 0.0003] 
[0.0003, 0.0003, 0.0003] 
[0.0003, 0.0003, 0.0003] 
[0.0003, 0.0003, 0.0003] 
[0.0002729398751627908, 0.0003, 0.0003] 
[0.0003, 0.0003, 0.0003] 
[0.0003, 0.0003, 0.0003] 
[0.0003, 0.0003, 0.00027553901987019793] 
[0.0003, 0.0003, 0.0003] 
[0.0003, 0.0002159828242980732, 0.0003] 
[0.0003, 0.0003, 0.0003] 
[0.0003, 0.0003, 0.0003] 
[0.0003, 0.0003, 0.0003] 
[0.0003, 0.0003, 0.0003] 
[0.0003, 0.0003, 0.0003] 
[0.0003, 0.0003, 0.0003] 
[0.0002791042908758174, 0.0003, 0.0003] 
[0.0002791042908758174, 0.0003, 0.00028031400474874587] 
[0.0003, 0.0003, 0.0003] 
[0.0003, 0.00028305470189642876, 0.0003] 
[0.0003, 0.0003, 0.0003] 
[0.00027582504077094087, 0.0003, 0.0003] 
[0.0003, 0.0003, 0.0003] 
[0.0003, 0.0003, 0.0003] 
[0.0003, 0.0003, 0.0003] 
[0.0003, 0.0003, 0.0003] 
[0.00027543550967498324, 0.0003, 0.0003] 
[0.0003, 0.0003, 0.0003] 
[0.0003, 0.0003, 0.0003] 
[0.0003, 0.0003, 0.0002333494170717886] 
[0.0003, 0.0003, 0.0003] 
[0.0003, 0.00023258103211693285, 0.0003] 
[0.0003, 0.0003, 0.0003] 
[0.0003, 0.0003, 0.0003] 
[0.0003, 0.0003, 0.0003] 
[0.0003, 0.0003, 0.0003] 
[0.0003, 0.0003, 0.0003] 
[0.0003, 0.0003, 0.0003] 
[0.00026511219764014385, 0.0003, 0.0003] 
[0.0003, 0.0003, 0.0003] 
[0.0003, 0.0003, 0.0003] 
[0.0003, 0.0003, 0.0003] 
[0.0003, 0.0002582295793763093, 0.0003] 
[0.0003, 0.0003, 0.0003] 
[0.0003, 0.0003, 0.0003] 
[0.0003, 0.0003, 0.0003] 
[0.0003, 0.0003, 0.0003] 
[0.0003, 0.0003, 0.0002476665286822379] 
[0.0003, 0.0003, 0.0003] 
[0.0003, 0.0003, 0.0003] 
[0.00023043658515520997, 0.0003, 0.0003] 
[0.0003, 0.0003, 0.0003] 
[0.0003, 0.0003, 0.0003] 
[0.0003, 0.0003, 0.0003] 
[0.0003, 0.0003, 0.0003] 
[0.0002730369144716922, 0.0003, 0.0003] 
[0.0003, 0.0003, 0.0003] 
[0.0003, 0.0002497787800748041, 0.0003] 
[0.0003, 0.0003, 0.0003] 
[0.0003, 0.0003, 0.0003] 
[0.0003, 0.0003, 0.00023670276684556595] 
[0.0003, 0.0003, 0.0003] 
[0.0003, 0.00027349811784219217, 0.0003] 
[0.0003, 0.0003, 0.0003] 
[0.0003, 0.0003, 0.0003] 
[0.0003, 0.0003, 0.0003] 
[0.0002616652669015201, 0.0003, 0.0003] 
[0.0003, 0.0003, 0.0003] 
[0.0003, 0.0003, 0.0003] 
[0.0003, 0.0003, 0.00025214216133732557] 
[0.0003, 0.0003, 0.0003] 
[0.0003, 0.0003, 0.0003] 
[0.0003, 0.0002718506874263891, 0.0003] 
[0.0003, 0.0003, 0.0003] 
[0.0003, 0.0003, 0.0003] 
[0.0003, 0.0003, 0.0003] 
[0.0003, 0.0003, 0.0003] 
[0.0003, 0.0002823404653236697, 0.0003] 
[0.0003, 0.0003, 0.0003] 
[0.0003, 0.0003, 0.0003] 
[0.0003, 0.0003, 0.0003] 
[0.0003, 0.0003, 0.0003] 
[0.0003, 0.0003, 0.0003] 
[0.000260473013247343, 0.0003, 0.0003] 
[0.000260473013247343, 0.0003, 0.00028017542444949597] 
[0.0003, 0.0003, 0.0003] 
[0.0003, 0.0003, 0.0003] 
[0.0003, 0.0003, 0.0003] 
[0.0002742258317975262, 0.0003, 0.0003] 
[0.0003, 0.0003, 0.0003] 
[0.0003, 0.0003, 0.0003] 
[0.0003, 0.0003, 0.0003] 
[0.0003, 0.0003, 0.0003] 
[0.0003, 0.0003, 0.0003] 
[0.0003, 0.0003, 0.0003] 
[0.0003, 0.0003, 0.0003] 
[0.0003, 0.0003, 0.0003] 
[0.0003, 0.0003, 0.00025983479690409] 
[0.0003, 0.0003, 0.0003] 
[0.0003, 0.0002712565497416489, 0.0003] 
[0.0003, 0.0003, 0.0003] 
[0.0003, 0.0003, 0.0003] 
[0.0002445127815391169, 0.0003, 0.0003] 
[0.0003, 0.0003, 0.0003] 
[0.0003, 0.0003, 0.0003] 
[0.0003, 0.0003, 0.0003] 
[0.0003, 0.0003, 0.0003] 
[0.0003, 0.0003, 0.0003] 
[0.0003, 0.00026659649647864207, 0.0003] 
[0.0003, 0.0003, 0.0003] 
[0.0003, 0.0003, 0.000252475358086889] 
[0.0003, 0.0003, 0.0003] 
[0.0003, 0.0003, 0.0003] 
[0.0003, 0.0003, 0.0003] 
[0.0003, 0.0003, 0.0003] 
[0.0003, 0.0003, 0.0003] 
[0.00026780060208921903, 0.0003, 0.0003] 
[0.0003, 0.0003, 0.0003] 
[0.0003, 0.0003, 0.0003] 
[0.0003, 0.0003, 0.0003] 
[0.0003, 0.0003, 0.0003] 
[0.0003, 0.0003, 0.0003] 
[0.0003, 0.0003, 0.0003] 
[0.0003, 0.0003, 0.0003] 
[0.00025288023884737106, 0.0003, 0.0003] 
[0.0003, 0.0003, 0.0003] 
[0.0003, 0.0003, 0.0003] 
[0.0003, 0.0003, 0.0003] 
[0.0003, 0.0003, 0.0003] 
[0.00024269598946531054, 0.0003, 0.00022064811644882388] 
[0.0003, 0.0003, 0.0003] 
[0.0003, 0.00023301023713202595, 0.0003] 
[0.0003, 0.0003, 0.0003] 
[0.0003, 0.0003, 0.0003] 
[0.0003, 0.0003, 0.0003] 
[0.0003, 0.0003, 0.00026545699652219903] 
[0.0003, 0.0003, 0.0003] 
[0.0003, 0.0003, 0.0003] 
[0.0003, 0.0003, 0.0003] 
[0.0003, 0.0003, 0.0003] 
[0.0002583085178985394, 0.0003, 0.0003] 
[0.0003, 0.0003, 0.0003] 
[0.0003, 0.0003, 0.0003] 
[0.0003, 0.0003, 0.0003] 
[0.0003, 0.0003, 0.0003] 
[0.0003, 0.0003, 0.0003] 
[0.0003, 0.0002673249023269379, 0.0003] 
[0.0003, 0.0002673249023269379, 0.0002786877619480666] 
[0.0003, 0.0003, 0.0003] 
[0.0003, 0.0003, 0.0003] 
[0.0002448302145697008, 0.0003, 0.0003] 
[0.0003, 0.0003, 0.0003] 
[0.0003, 0.0003, 0.0003] 
[0.0003, 0.0003, 0.0003] 
[0.0003, 0.0003, 0.0003] 
[0.0003, 0.0003, 0.0003] 
[0.0002656171578711881, 0.0003, 0.0003] 
[0.0003, 0.0003, 0.0003] 
[0.0003, 0.0003, 0.0003] 
[0.0003, 0.0003, 0.0003] 
[0.0003, 0.00026224601136006317, 0.0003] 
[0.0003, 0.0003, 0.0003] 
[0.00027150377304729337, 0.0003, 0.0003] 
[0.0003, 0.0003, 0.0003] 
[0.0003, 0.0003, 0.0003] 
[0.0003, 0.0003, 0.0003] 
[0.0003, 0.0003, 0.0003] 
[0.0003, 0.0003, 0.0003] 
[0.0003, 0.0003, 0.0003] 
[0.0003, 0.0003, 0.0003] 
[0.0003, 0.0003, 0.0003] 
[0.0003, 0.0003, 0.0003] 
[0.00023817022908945686, 0.0003, 0.0003] 
[0.0003, 0.0003, 0.0003] 
[0.0003, 0.0003, 0.00012011086692183837] 
[0.0003, 0.0003, 0.0003] 
[0.0003, 0.00023827856569529508, 0.0003] 
[0.0003, 0.0003, 0.0003] 
[0.0003, 0.0003, 0.0003] 
[0.0003, 0.0003, 0.0003] 
[0.0003, 0.0003, 0.0003] 
[0.0002524280887247824, 0.0003, 0.0003] 
[0.0003, 0.0003, 0.0003] 
[0.0003, 0.0003, 0.0003] 
[0.0003, 0.0003, 0.0003] 
[0.0003, 0.0003, 0.0003] 
[0.0003, 0.0003, 0.0003] 
[0.0003, 0.0002903733292544356, 0.0003] 
[0.0003, 0.0003, 0.0003] 
[0.0003, 0.0003, 0.0003] 
[0.00024583200803021297, 0.0003, 0.0003] 
[0.0003, 0.0003, 0.0003] 
[0.0003, 0.0003, 0.0003] 
[0.0003, 0.0003, 0.0003] 
[0.0003, 0.00027922714651163366, 0.0003] 
[0.0003, 0.0003, 0.0003] 
[0.0003, 0.0003, 0.00013266674083837798] 
[0.0003, 0.0003, 0.0003] 
[0.0003, 0.0003, 0.0003] 
[0.0003, 0.0003, 0.0003] 
[0.0003, 0.0003, 0.0003] 
[0.0003, 0.00026927443586482384, 0.0003] 
[0.0003, 0.0003, 0.0003] 
[0.00027810229795169946, 0.0003, 0.0003] 
[0.0003, 0.0003, 0.0003] 
[0.0003, 0.0003, 0.0003] 
[0.0003, 0.0003, 0.0003] 
[0.0003, 0.0003, 0.0003] 
[0.0003, 0.0003, 0.0003] 
[0.0003, 0.0003, 0.00028603693747576855] 
[0.0003, 0.0003, 0.0003] 
[0.0003, 0.0003, 0.0003] 
[0.0003, 0.0003, 0.0003] 
[0.0003, 0.0003, 0.0003] 
[0.0003, 0.0003, 0.0003] 
[0.0002652421920881109, 0.0003, 0.0003] 
[0.0003, 0.0003, 0.0003] 
[0.0003, 0.00024233391971197624, 0.0003] 
[0.0003, 0.0003, 0.0003] 
[0.0003, 0.0003, 0.0003] 
[0.0003, 0.0003, 0.0003] 
[0.00027097253753139165, 0.0003, 0.0003] 
[0.00027097253753139165, 0.0003, 0.00025463194959438637] 
[0.0003, 0.0003, 0.0003] 
[0.0003, 0.0003, 0.0003] 
[0.0003, 0.0003, 0.0003] 
[0.0002822850412238059, 0.0003, 0.0003] 
[0.0003, 0.0003, 0.0003] 
[0.0003, 0.000254694588977127, 0.0003] 
[0.0003, 0.0003, 0.0003] 
[0.0003, 0.0003, 0.0003] 
[0.0003, 0.0003, 0.0003] 
[0.0003, 0.0003, 0.0003] 
[0.0003, 0.0003, 0.0003] 
[0.0003, 0.0003, 0.0003] 
[0.0003, 0.0003, 0.0003] 
[0.0003, 0.0002697359071805103, 0.0003] 
[0.0003, 0.0003, 0.0003] 
[0.0003, 0.0003, 0.0003] 
[0.0002464214882657499, 0.0003, 0.00027575562861042996] 
[0.0003, 0.0003, 0.0003] 
[0.0003, 0.0003, 0.0003] 
[0.0003, 0.0003, 0.0003] 
[0.0003, 0.0003, 0.0003] 
[0.0003, 0.0003, 0.0003] 
[0.0003, 0.0003, 0.0003] 
[0.0003, 0.0003, 0.0003] 
[0.0003, 0.00026752552108013283, 0.0003] 
[0.0003, 0.0003, 0.0003] 
[0.00025932948050776014, 0.0003, 0.0003] 
[0.0003, 0.0003, 0.0003] 
[0.0003, 0.0003, 0.0003] 
[0.0003, 0.0003, 0.0003] 
[0.0003, 0.00028189460528640475, 0.0003] 
[0.0003, 0.0003, 0.0003] 
[0.0003, 0.0003, 0.0003] 
[0.0003, 0.0003, 0.0003] 
[0.0003, 0.0003, 0.0003] 
[0.00027725412939041884, 0.0003, 0.0003] 
[0.0003, 0.0003, 0.0003] 
[0.0003, 0.0003, 0.0003] 
[0.0003, 0.0003, 0.0003] 
[0.00019979207989579247, 0.0003, 0.00023690919863345438] 
[0.0003, 0.0003, 0.0003] 
[0.0003, 0.00024956852433735964, 0.0003] 
[0.0003, 0.0003, 0.0003] 
[0.0003, 0.0003, 0.0003] 
[0.0003, 0.0003, 0.0003] 
[0.0003, 0.0003, 0.0003] 
[0.0003, 0.0003, 0.0003] 
[0.0003, 0.0003, 0.00027191703770918565] 
[0.0003, 0.0003, 0.0003] 
[0.0002816759355932335, 0.0003, 0.0003] 
[0.0003, 0.0003, 0.0003] 
[0.0003, 0.0003, 0.0003] 
[0.0003, 0.0003, 0.0003] 
[0.0003, 0.0003, 0.0003] 
[0.0003, 0.0003, 0.0002825322900529808] 
[0.0003, 0.0003, 0.0003] 
[0.0003, 0.00024621973534834807, 0.0003] 
[0.0003, 0.0003, 0.0003] 
[0.0003, 0.0003, 0.0003] 
[0.0002809157171266077, 0.0003, 0.0003] 
[0.0003, 0.0003, 0.0003] 
[0.0003, 0.0003, 0.0003] 
[0.0003, 0.0003, 0.0003] 
[0.0003, 0.0003, 0.0003] 
[0.0003, 0.0003, 0.0003] 
[0.0002719964641111414, 0.0003, 0.0003] 
[0.0003, 0.0003, 0.0003] 
[0.0003, 0.0003, 0.0003] 
[0.0003, 0.00024668699344760806, 0.0003] 
[0.0003, 0.0003, 0.0003] 
[0.0003, 0.0003, 0.0003] 
[0.0003, 0.0003, 0.0003] 
[0.0003, 0.0003, 0.0003] 
[0.00024299967413209486, 0.0003, 0.0002456167286836505] 
[0.0003, 0.0003, 0.0003] 
[0.0003, 0.0003, 0.0003] 
[0.0003, 0.0003, 0.0003] 
[0.0003, 0.00026536861114089227, 0.0003] 
[0.0003, 0.0003, 0.0003] 
[0.0003, 0.0003, 0.0003] 
[0.0003, 0.0003, 0.0003] 
[0.0003, 0.0003, 0.0003] 
[0.0002479121655142644, 0.0003, 0.0002629398835058269] 
[0.0003, 0.0003, 0.0003] 
[0.0003, 0.0003, 0.0003] 
[0.0003, 0.0003, 0.0003] 
[0.0003, 0.0003, 0.0003] 
[0.0003, 0.0003, 0.0003] 
[0.0003, 0.0003, 0.0002707264947535613] 
[0.0003, 0.0003, 0.0003] 
[0.0002542658186016844, 0.0002718199504363364, 0.0003] 
[0.0003, 0.0003, 0.0003] 
[0.0003, 0.0003, 0.0003] 
[0.0002859303637844944, 0.0003, 0.0003] 
[0.0003, 0.0003, 0.0003] 
[0.0003, 0.0003, 0.00026699436773476874] 
[0.0003, 0.0003, 0.0003] 
[0.0003, 0.0003, 0.0003] 
[0.0003, 0.0003, 0.0003] 
[0.0003, 0.0003, 0.0003] 
[0.0003, 0.0003, 0.0003] 
[0.0003, 0.0003, 0.0003] 
[0.00024497586452143326, 0.0003, 0.0003] 
[0.0003, 0.0003, 0.0003] 
[0.0003, 0.0003, 0.0003] 
[0.0003, 0.0003, 0.00026079425075547174] 
[0.0003, 0.0003, 0.0003] 
[0.0003, 0.0003, 0.0003] 
[0.0003, 0.0002376629658075867, 0.0003] 
[0.0003, 0.0003, 0.0003] 
[0.0003, 0.0003, 0.0003] 
[0.0003, 0.0003, 0.0003] 
[0.0003, 0.0003, 0.0003] 
[0.0003, 0.0003, 0.0003] 
[0.000276778083904434, 0.0003, 0.0003] 
[0.0003, 0.0003, 0.0003] 
[0.0003, 0.0003, 0.0003] 
[0.0003, 0.0003, 0.0003] 
[0.0003, 0.0003, 0.0003] 
[0.0003, 0.0003, 0.0003] 
[0.0003, 0.0003, 0.0003] 
[0.0002618043305165305, 0.0003, 0.0002568341801629597] 
[0.0003, 0.0003, 0.0003] 
[0.0003, 0.0003, 0.0003] 
[0.0003, 0.0003, 0.0003] 
[0.0003, 0.0003, 0.0003] 
[0.0003, 0.0002641180714895828, 0.0003] 
[0.0003, 0.0003, 0.0003] 
[0.0003, 0.0003, 0.0003] 
[0.00028136748953962984, 0.0003, 0.0003] 
[0.0003, 0.0003, 0.0003] 
[0.0003, 0.0003, 0.0003] 
[0.0003, 0.0003, 0.0003] 
[0.0003, 0.0003, 0.0003] 
[0.0003, 0.0003, 0.0003] 
[0.0003, 0.0003, 0.0003] 
[0.00028924070619129816, 0.0003, 0.0003] 
[0.00028924070619129816, 0.0003, 0.0002686909158539703] 
[0.0003, 0.0003, 0.0003] 
[0.0003, 0.0003, 0.0003] 
[0.0003, 0.0003, 0.0003] 
[0.0003, 0.0002560016062184411, 0.0003] 
[0.0003, 0.0003, 0.0003] 
[0.0003, 0.0003, 0.0003] 
[0.0003, 0.0003, 0.0003] 
[0.00024613494145719563, 0.0003, 0.0003] 
[0.0003, 0.0003, 0.0003] 
[0.0003, 0.0003, 0.0003] 
[0.0003, 0.0003, 0.0003] 
[0.0003, 0.0003, 0.0003] 
[0.0003, 0.0002661960703666296, 0.0003] 
[0.0003, 0.0003, 0.0003] 
[0.0003, 0.0003, 0.0003] 
[0.0003, 0.0003, 0.0003] 
[0.0003, 0.0003, 0.0003] 
[0.0003, 0.0003, 0.0003] 
[0.0003, 0.0003, 0.0003] 
[0.0003, 0.0003, 0.0003] 
[0.0003, 0.0003, 0.00025799845359522063] 
[0.0003, 0.0003, 0.0003] 
[0.0002782304746426617, 0.0003, 0.0003] 
[0.0003, 0.0003, 0.0003] 
[0.0003, 0.0003, 0.0003] 
[0.0003, 0.0003, 0.0003] 
[0.0003, 0.00025762273177323147, 0.0003] 
[0.0003, 0.0003, 0.0003] 
[0.00027443565060588656, 0.0003, 0.0003] 
[0.0003, 0.0003, 0.0003] 
[0.0003, 0.0003, 0.0003] 
[0.0003, 0.0003, 0.0003] 
[0.00028330431632053553, 0.0003, 0.0003] 
[0.0003, 0.0003, 0.0003] 
[0.0003, 0.0003, 0.00022559538018160518] 
[0.0003, 0.0003, 0.0003] 
[0.0003, 0.000247249847653192, 0.0003] 
[0.0003, 0.0003, 0.0003] 
[0.0003, 0.0003, 0.0003] 
[0.0003, 0.0003, 0.0003] 
[0.00028153025512872213, 0.0003, 0.0003] 
[0.0003, 0.0003, 0.0003] 
[0.0003, 0.0003, 0.0003] 
[0.0003, 0.0003, 0.0002568739594686775] 
[0.0003, 0.0003, 0.0003] 
[0.0003, 0.0003, 0.0003] 
[0.0003, 0.0003, 0.0003] 
[0.0002631802785021266, 0.0003, 0.0003] 
[0.0003, 0.0003, 0.0003] 
[0.0003, 0.0003, 0.0003] 
[0.0003, 0.00026209588541812706, 0.0003] 
[0.0003, 0.0003, 0.0003] 
[0.0003, 0.0003, 0.0003] 
[0.0003, 0.0003, 0.0003] 
[0.0003, 0.0003, 0.0003] 
[0.00028028079253322236, 0.0003, 0.0003] 
[0.0003, 0.0003, 0.0003] 
[0.0003, 0.0003, 0.00027247397211826313] 
[0.0003, 0.0003, 0.0003] 
[0.0003, 0.0003, 0.0003] 
[0.0003, 0.0003, 0.0003] 
[0.0003, 0.0003, 0.0003] 
[0.00027368607762445865, 0.0003, 0.0003] 
[0.0003, 0.0003, 0.0003] 
[0.0003, 0.0003, 0.0003] 
[0.0003, 0.0003, 0.0003] 
[0.00027093701070595366, 0.00022250102023353748, 0.0003] 
[0.0003, 0.0003, 0.0003] 
[0.0003, 0.0003, 0.0003] 
[0.0003, 0.0003, 0.0003] 
[0.0003, 0.0003, 0.0003] 
[0.0003, 0.0003, 0.0003] 
[0.0003, 0.0003, 0.0003] 
[0.0003, 0.0003, 0.0003] 
[0.0002521679959450244, 0.0003, 0.0003] 
[0.0003, 0.0003, 0.0003] 
[0.0003, 0.0003, 0.0003] 
[0.0003, 0.0003, 0.0002558922196679336] 
[0.0003, 0.0003, 0.0003] 
[0.0003, 0.0003, 0.0003] 
[0.0003, 0.00028155653525605007, 0.0003] 
[0.0003, 0.0003, 0.0003] 
[0.0003, 0.0003, 0.0003] 
[0.0003, 0.0003, 0.0003] 
[0.0002848511238640987, 0.0003, 0.0003] 
[0.0003, 0.0003, 0.0003] 
[0.0003, 0.0003, 0.0003] 
[0.0003, 0.0003, 0.0003] 
[0.0003, 0.0003, 0.0003] 
[0.0003, 0.0003, 0.0003] 
[0.0003, 0.000268859859890007, 0.0003] 
[0.0003, 0.000269714151412578, 0.0003] 
[0.0003, 0.0003, 0.0003] 
[0.00027224484061050735, 0.00026995811272458676, 0.0003] 
[0.0003, 0.0003, 0.0003] 
[0.0003, 0.0003, 0.00024149999123680124] 
[0.0003, 0.0003, 0.0003] 
[0.0003, 0.0003, 0.0003] 
[0.0003, 0.0003, 0.0003] 
[0.0003, 0.0003, 0.0003] 
[0.0003, 0.0003, 0.0003] 
[0.0003, 0.0003, 0.0003] 
[0.0003, 0.0003, 0.0003] 
[0.0003, 0.0002490549012649042, 0.0003] 
[0.0003, 0.0003, 0.0003] 
[0.00025658013699426355, 0.0002788185855530648, 0.0003] 
[0.0003, 0.0003, 0.0003] 
[0.0003, 0.0003, 0.0002609748979388023] 
[0.0003, 0.0003, 0.0003] 
[0.0003, 0.0003, 0.0003] 
[0.00028426813422275266, 0.0003, 0.0003] 
[0.0003, 0.0003, 0.0003] 
[0.0003, 0.0003, 0.0003] 
[0.0003, 0.0003, 0.0002662937196888399] 
[0.0003, 0.0003, 0.0003] 
[0.0003, 0.0003, 0.0003] 
[0.0003, 0.0003, 0.0003] 
[0.0003, 0.0003, 0.0003] 
[0.0003, 0.0003, 0.0003] 
[0.0003, 0.0003, 0.0003] 
[0.0002815912268477573, 0.0002618483615028206, 0.0003] 
[0.0003, 0.0003, 0.0003] 
[0.0003, 0.0003, 0.0003] 
[0.0003, 0.0003, 0.00026535072801026473] 
[0.0003, 0.0003, 0.0003] 
[0.0003, 0.0003, 0.0003] 
[0.0003, 0.0002785976759687543, 0.0003] 
[0.0003, 0.0003, 0.0003] 
[0.0003, 0.0003, 0.0003] 
[0.0003, 0.0003, 0.0003] 
[0.0003, 0.0003, 0.0003] 
[0.0003, 0.0003, 0.0003] 
[0.0003, 0.0003, 0.0003] 
[0.0003, 0.0002594420843712621, 0.0003] 
[0.0003, 0.0003, 0.0003] 
[0.0003, 0.0003, 0.0003] 
[0.0002586321252121686, 0.0003, 0.0003] 
[0.0003, 0.0003, 0.0003] 
[0.0003, 0.0003, 0.0003] 
[0.0003, 0.0003, 0.0003] 
[0.0003, 0.0003, 0.0003] 
[0.0003, 0.0003, 0.0003] 
[0.0003, 0.0003, 0.00024666250905747893] 
[0.0003, 0.0003, 0.0003] 
[0.0003, 0.0003, 0.0003] 
[0.0003, 0.00023805904215181553, 0.0003] 
[0.0003, 0.0003, 0.0003] 
[0.0003, 0.0003, 0.0003] 
[0.00027184264188834077, 0.0003, 0.0003] 
[0.0003, 0.0003, 0.0003] 
[0.0003, 0.0003, 0.0003] 
[0.0003, 0.0003, 0.000270654781932742] 
[0.0003, 0.0003, 0.0003] 
[0.0003, 0.0003, 0.0003] 
[0.0002690240950346558, 0.0003, 0.0003] 
[0.0003, 0.0003, 0.0003] 
[0.0003, 0.0003, 0.0003] 
[0.0003, 0.0003, 0.0003] 
[0.0003, 0.0003, 0.0003] 
[0.0003, 0.0003, 0.0003] 
[0.0003, 0.0003, 0.0002669339000998453] 
[0.0003, 0.0003, 0.0003] 
[0.0003, 0.0002139222045857624, 0.0003] 
[0.0003, 0.0003, 0.0003] 
[0.0003, 0.0003, 0.0003] 
[0.000278781276417915, 0.0003, 0.0003] 
[0.0003, 0.0003, 0.0003] 
[0.0003, 0.0003, 0.0003] 
[0.0003, 0.0003, 0.0003] 
[0.0003, 0.0003, 0.0003] 
[0.0003, 0.0003, 0.0003] 
[0.0003, 0.000266602284306836, 0.0003] 
[0.0003, 0.0003, 0.0003] 
[0.0003, 0.0003, 0.0003] 
[0.0003, 0.0003, 0.0003] 
[0.00027996033380125996, 0.0003, 0.0003] 
[0.0003, 0.0003, 0.0003] 
[0.0003, 0.0003, 0.0003] 
[0.0003, 0.0002642008798103472, 0.0003] 
[0.0003, 0.0003, 0.0003] 
[0.0003, 0.0003, 0.00020233534397015351] 
[0.0003, 0.0003, 0.0003] 
[0.0003, 0.0003, 0.0003] 
[0.0003, 0.0003, 0.0003] 
[0.00027212229595658733, 0.0003, 0.0003] 
[0.0003, 0.0003, 0.0003] 
[0.0003, 0.0003, 0.0002787481491331049] 
[0.0003, 0.0003, 0.0003] 
[0.0003, 0.0003, 0.0003] 
[0.0002907577011642936, 0.0003, 0.0003] 
[0.0003, 0.0003, 0.0003] 
[0.0003, 0.0003, 0.0003] 
[0.0003, 0.0003, 0.000283957894429793] 
[0.0003, 0.0003, 0.0003] 
[0.0003, 0.00022582588304135312, 0.0003] 
[0.0003, 0.0003, 0.0003] 
[0.0003, 0.0003, 0.0003] 
[0.0002749823728116506, 0.0003, 0.0003] 
[0.0003, 0.0003, 0.0003] 
[0.0003, 0.0003, 0.0003] 
[0.0003, 0.0003, 0.0003] 
[0.0003, 0.0003, 0.0003] 
[0.0003, 0.0003, 0.0003] 
[0.0003, 0.0003, 0.0003] 
[0.0003, 0.0003, 0.0002550451689678224] 
[0.0003, 0.0003, 0.0003] 
[0.000274377896677993, 0.0003, 0.0003] 
[0.0003, 0.0003, 0.0003] 
[0.0003, 0.0003, 0.0003] 
[0.0003, 0.00024194696010147816, 0.0003] 
[0.0003, 0.0003, 0.0003] 
[0.0003, 0.0003, 0.0003] 
[0.0003, 0.0003, 0.0003] 
[0.0003, 0.0003, 0.00025313321600385787] 
[0.0003, 0.0003, 0.0003] 
[0.0003, 0.0003, 0.0003] 
[0.0003, 0.0003, 0.0003] 
[0.0002588710535878891, 0.0003, 0.0003] 
[0.0003, 0.0003, 0.0003] 
[0.0003, 0.00025885531504086297, 0.0003] 
[0.0003, 0.0003, 0.0003] 
[0.0003, 0.0003, 0.0003] 
[0.0003, 0.0003, 0.0002686498720676545] 
[0.0003, 0.0003, 0.0003] 
[0.0003, 0.0003, 0.0003] 
[0.0003, 0.0003, 0.0003] 
[0.0003, 0.0003, 0.0003] 
[0.00025164032368694836, 0.0003, 0.0003] 
[0.0003, 0.0003, 0.0003] 
[0.0003, 0.0003, 0.0003] 
[0.0003, 0.0003, 0.0003] 
[0.0003, 0.0003, 0.0003] 
[0.0003, 0.0003, 0.0003] 
[0.0003, 0.0003, 0.0003] 
[0.0003, 0.0003, 0.0003] 
[0.00026816349074589794, 0.0003, 0.0003] 
[0.0003, 0.0003, 0.0003] 
[0.0003, 0.0003, 0.0003] 
[0.0003, 0.0003, 0.0003] 
[0.0003, 0.00021486856510148219, 0.0002497582334603993] 
[0.0003, 0.0003, 0.0003] 
[0.0003, 0.0003, 0.0003] 
[0.0003, 0.0003, 0.0003] 
[0.0003, 0.0003, 0.0003] 
[0.0002516692923878841, 0.0003, 0.0003] 
[0.0003, 0.0003, 0.0003] 
[0.0003, 0.0003, 0.0003] 
[0.0003, 0.0003, 0.0003] 
[0.0003, 0.0003, 0.0003] 
[0.0003, 0.0003, 0.0003] 
[0.0003, 0.0003, 0.0003] 
[0.0003, 0.0003, 0.0003] 
[0.0003, 0.0003, 0.0003] 
[0.0003, 0.00023870972680345402, 0.0003] 
[0.0003, 0.0003, 0.0003] 
[0.0003, 0.0003, 0.0003] 
[0.0002610222162214961, 0.0003, 0.0003] 
[0.0003, 0.0003, 0.0003] 
[0.0003, 0.0003, 0.0003] 
[0.0003, 0.0003, 0.0003] 
[0.0002600135694757595, 0.0003, 0.00022058087928098776] 
[0.0003, 0.0003, 0.0003] 
[0.0003, 0.000271151275547401, 0.0003] 
[0.0003, 0.0003, 0.0003] 
[0.0003, 0.0003, 0.0003] 
[0.0003, 0.0003, 0.0003] 
[0.0003, 0.0003, 0.0003] 
[0.0003, 0.00028021613536981097, 0.0003] 
[0.0003, 0.0003, 0.0003] 
[0.0003, 0.00029201279767981795, 0.0003] 
[0.0003, 0.0003, 0.0003] 
[0.0003, 0.0003, 0.0003] 
[0.00022817869067680654, 0.0003, 0.0003] 
[0.0003, 0.0003, 0.0003] 
[0.0003, 0.0003, 0.0003] 
[0.00028334752714477974, 0.0003, 0.0003] 
[0.0003, 0.0003, 0.0003] 
[0.0003, 0.0003, 0.0003] 
[0.00021135425162964298, 0.0003, 0.00026538679008094213] 
[0.00028269124041605415, 0.0003, 0.0003] 
[0.0003, 0.0003, 0.0003] 
[0.0003, 0.0003, 0.0003] 
[0.0003, 0.00023896562999916715, 0.0003] 
[0.0003, 0.0003, 0.0003] 
[0.0003, 0.0003, 0.0003] 
[0.00027149250755244367, 0.0003, 0.0003] 
[0.0003, 0.0003, 0.0003] 
[0.0003, 0.0003, 0.0002525589567749896] 
[0.0003, 0.0003, 0.0003] 
[0.0003, 0.0002627886316384949, 0.0003] 
[0.0003, 0.0003, 0.0003] 
[0.0003, 0.0003, 0.0003] 
[0.0003, 0.0003, 0.0003] 
[0.0003, 0.0003, 0.0003] 
[0.0003, 0.0003, 0.0003] 
[0.0003, 0.0003, 0.0003] 
[0.0003, 0.0003, 0.0003] 
[0.00022426111358792676, 0.0003, 0.0003] 
[0.0003, 0.0003, 0.0003] 
[0.0003, 0.0003, 0.0003] 
[0.0003, 0.0003, 0.00026243762563470037] 
[0.0003, 0.0003, 0.0003] 
[0.0003, 0.0003, 0.0003] 
[0.0003, 0.0003, 0.0003] 
[0.0003, 0.0003, 0.0003] 
[0.0003, 0.0003, 0.0003] 
[0.0003, 0.0003, 0.0003] 
[0.0002462708741958556, 0.0003, 0.0003] 
[0.0003, 0.0003, 0.0003] 
[0.0003, 0.0003, 0.0003] 
[0.0003, 0.0003, 0.0003] 
[0.0003, 0.0003, 0.0003] 
[0.0003, 0.0003, 0.0003] 
[0.0003, 0.00022014205254163732, 0.0003] 
[0.0003, 0.0003, 0.0003] 
[0.0003, 0.0003, 0.0003] 
[0.0003, 0.0003, 0.0003] 
[0.0003, 0.0003, 0.0003] 
[0.00026371132179455815, 0.0003, 0.0003] 
[0.0003, 0.0003, 0.0003] 
[0.0003, 0.0003, 0.0002470122711042526] 
[0.0003, 0.0003, 0.0003] 
[0.0003, 0.0003, 0.0003] 
[0.0003, 0.0003, 0.0003] 
[0.0003, 0.0003, 0.0003] 
[0.0002765230140852047, 0.0003, 0.0003] 
[0.0003, 0.0003, 0.0003] 
[0.0003, 0.0003, 0.0003] 
[0.0003, 0.00021680967580327138, 0.0003] 
[0.0003, 0.0003, 0.0003] 
[0.0003, 0.0003, 0.0003] 
[0.0003, 0.0003, 0.0003] 
[0.0003, 0.0003, 0.0002732262281380741] 
[0.0003, 0.0003, 0.0003] 
[0.0002787239511644707, 0.0003, 0.0003] 
[0.0003, 0.0003, 0.0003] 
[0.0003, 0.0003, 0.0003] 
[0.0003, 0.0002638714705095335, 0.0003] 
[0.0003, 0.0003, 0.0003] 
[0.0003, 0.0003, 0.0003] 
[0.0003, 0.0003, 0.0003] 
[0.0003, 0.0003, 0.0003] 
[0.0003, 0.0003, 0.0003] 
[0.0003, 0.0003, 0.0003] 
[0.0003, 0.0003, 0.0003] 
[0.0003, 0.0003, 0.00025743128689726985] 
[0.0003, 0.0003, 0.0003] 
[0.0003, 0.0003, 0.0003] 
[0.00025958185540102166, 0.0003, 0.0003] 
[0.00029984930025180864, 0.0003, 0.0003] 
[0.0003, 0.0003, 0.0003] 
[0.0003, 0.00021104372827625888, 0.0003] 
[0.0003, 0.0003, 0.0003] 
[0.0002810426465973319, 0.0003, 0.0003] 
[0.0003, 0.0003, 0.0003] 
[0.0003, 0.0003, 0.0002554295089040101] 
[0.0003, 0.0003, 0.0003] 
[0.0003, 0.0003, 0.0003] 
[0.0003, 0.0003, 0.0003] 
[0.0003, 0.0002633841417325765, 0.0003] 
[0.0003, 0.0003, 0.0003] 
[0.0003, 0.0003, 0.0003] 
[0.0002866939506198573, 0.0003, 0.0003] 
[0.0003, 0.0003, 0.0003] 
[0.0003, 0.0003, 0.0003] 
[0.0003, 0.0003, 0.0002826748181896616] 
[0.0003, 0.0003, 0.0003] 
[0.0003, 0.0003, 0.0003] 
[0.0003, 0.00025924273100253966, 0.0003] 
[0.0003, 0.0003, 0.0003] 
[0.0003, 0.0003, 0.0003] 
[0.00027767752766485565, 0.0003, 0.0003] 
[0.0003, 0.0003, 0.0003] 
[0.0003, 0.0003, 0.0003] 
[0.0003, 0.0003, 0.0003] 
[0.0003, 0.0003, 0.0003] 
[0.0003, 0.0002633775508924444, 0.0003] 
[0.0003, 0.0003, 0.0003] 
[0.0003, 0.0003, 0.0003] 
[0.00027370311455913326, 0.0003, 0.0003] 
[0.0003, 0.0003, 0.0003] 
[0.0003, 0.0003, 0.0003] 
[0.0003, 0.0003, 0.00019164278848052507] 
[0.0003, 0.0003, 0.0003] 
[0.0003, 0.0003, 0.0003] 
[0.0003, 0.0003, 0.0003] 
[0.0003, 0.0002815639557860945, 0.0003] 
[0.0003, 0.0003, 0.0003] 
[0.00027216773141845686, 0.0003, 0.0003] 
[0.0003, 0.0003, 0.0003] 
[0.0003, 0.0003, 0.0003] 
[0.0003, 0.0003, 0.0003] 
[0.0003, 0.0003, 0.0003] 
[0.0003, 0.0003, 0.0003] 
[0.0003, 0.0003, 0.0003] 
[0.0003, 0.0003, 0.000260753110873145] 
[0.0003, 0.0003, 0.0003] 
[0.0003, 0.0003, 0.0003] 
[0.0003, 0.0002736610075774462, 0.0003] 
[0.0003, 0.0003, 0.0003] 
[0.0003, 0.0003, 0.0003] 
[0.0003, 0.0003, 0.0003] 
[0.0003, 0.00027696528350619975, 0.0003] 
[0.0003, 0.0003, 0.0003] 
[0.0003, 0.0003, 0.0003] 
[0.0003, 0.0003, 0.0003] 
[0.0003, 0.0003, 0.00023123639747041428] 
[0.0003, 0.0003, 0.0003] 
[0.0003, 0.0003, 0.0003] 
[0.0002411013371304406, 0.0003, 0.0003] 
[0.0003, 0.0003, 0.0003] 
[0.0003, 0.0003, 0.0003] 
[0.0003, 0.0003, 0.0003] 
[0.0003, 0.0003, 0.0003] 
[0.0003, 0.0003, 0.0003] 
[0.0002671776995488441, 0.0003, 0.0003] 
[0.0003, 0.0003, 0.0003] 
[0.0003, 0.0003, 0.0003] 
[0.0003, 0.0003, 0.0003] 
[0.0003, 0.0003, 0.0003] 
[0.0003, 0.0003, 0.0003] 
[0.0003, 0.00018512705795325045, 0.0003] 
[0.0003, 0.0003, 0.0003] 
[0.0003, 0.0003, 0.00026126874750255106] 
[0.0003, 0.0003, 0.0003] 
[0.0003, 0.0003, 0.0003] 
[0.0003, 0.0003, 0.0003] 
[0.0003, 0.0003, 0.0003] 
[0.0002705119979661704, 0.0003, 0.000277884871893006] 
[0.0003, 0.0003, 0.0003] 
[0.0003, 0.000263348601948189, 0.0003] 
[0.0003, 0.0003, 0.0003] 
[0.0003, 0.0003, 0.0003] 
[0.0003, 0.0003, 0.00028532401964624947] 
[0.0003, 0.0003, 0.0003] 
[0.0003, 0.0003, 0.0003] 
[0.0002807365716996011, 0.0003, 0.0003] 
[0.0003, 0.0003, 0.0003] 
[0.0003, 0.0003, 0.0003] 
[0.0003, 0.0003, 0.0003] 
[0.0003, 0.0003, 0.0003] 
[0.0003, 0.00023258296949779363, 0.0003] 
[0.0003, 0.0003, 0.0003] 
[0.0003, 0.0003, 0.0003] 
[0.0003, 0.0003, 0.0002681629842857423] 
[0.0003, 0.0003, 0.0003] 
[0.0003, 0.0003, 0.0003] 
[0.00025114196046153097, 0.0003, 0.0003] 
[0.0003, 0.0003, 0.0003] 
[0.0003, 0.0003, 0.0003] 
[0.0003, 0.0003, 0.0003] 
[0.0003, 0.0003, 0.0002583611460145855] 
[0.0003, 0.0003, 0.0003] 
[0.0003, 0.0003, 0.0003] 
[0.0003, 0.0003, 0.0003] 
[0.00026606989274141125, 0.0003, 0.0003] 
[0.0003, 0.0003, 0.0003] 
[0.0003, 0.0003, 0.0003] 
[0.0003, 0.0003, 0.0003] 
[0.0003, 0.0003, 0.0003] 
[0.0003, 0.0003, 0.0003] 
[0.0003, 0.00018466990454596088, 0.0003] 
[0.0003, 0.0003, 0.0003] 
[0.0003, 0.0003, 0.0003] 
[0.000251127035053314, 0.0003, 0.0003] 
[0.0003, 0.0003, 0.0003] 
[0.0003, 0.0003, 0.0003] 
[0.0003, 0.0003, 0.0003] 
[0.0003, 0.0003, 0.0003] 
[0.0003, 0.0003, 0.0003] 
[0.0003, 0.0003, 0.0003] 
[0.0003, 0.0003, 0.0003] 
[0.0003, 0.0003, 0.00021858190291707544] 
[0.0003, 0.0003, 0.0003] 
[0.0003, 0.00026203073397653196, 0.0003] 
[0.0003, 0.0003, 0.0003] 
[0.0003, 0.0003, 0.00027923139342848663] 
[0.0003, 0.0003, 0.0003] 
[0.0003, 0.0003, 0.0003] 
[0.0003, 0.0003, 0.0003] 
[0.0003, 0.0003, 0.0003] 
[0.0003, 0.0003, 0.0003] 
[0.0002561973306507629, 0.0003, 0.0003] 
[0.0003, 0.0003, 0.0003] 
[0.0003, 0.0003, 0.0003] 
[0.0003, 0.0003, 0.0003] 
[0.0003, 0.0003, 0.0003] 
[0.00028081895125215333, 0.0003, 0.0003] 
[0.0003, 0.0003, 0.0003] 
[0.0003, 0.0003, 0.0002631563086104364] 
[0.0003, 0.0003, 0.0003] 
[0.0003, 0.00023638193136523306, 0.0003] 
[0.0003, 0.0003, 0.0003] 
[0.0003, 0.0003, 0.0003] 
[0.0003, 0.0003, 0.0003] 
[0.0003, 0.0003, 0.0003] 
[0.0002654455854662185, 0.0003, 0.0003] 
[0.0003, 0.0003, 0.0003] 
[0.0003, 0.0003, 0.0003] 
[0.0003, 0.0003, 0.00024362513415033765] 
[0.0003, 0.0003, 0.0003] 
[0.0003, 0.0003, 0.0003] 
[0.0003, 0.0003, 0.0003] 
[0.0003, 0.0003, 0.0003] 
[0.0003, 0.0002795349261001473, 0.0003] 
[0.0003, 0.0003, 0.0003] 
[0.0003, 0.0003, 0.0003] 
[0.00024400488111546496, 0.0003, 0.0003] 
[0.0003, 0.0003, 0.0003] 
[0.0003, 0.0003, 0.0002772247369932872] 
[0.0003, 0.0003, 0.0003] 
[0.0003, 0.0003, 0.0003] 
[0.0003, 0.0003, 0.0003] 
[0.0003, 0.0003, 0.0003] 
[0.0003, 0.0003, 0.0003] 
[0.0003, 0.0003, 0.0003] 
[0.0002862352455245575, 0.0003, 0.0003] 
[0.0003, 0.0003, 0.0003] 
[0.0003, 0.0002751543390813659, 0.0003] 
[0.0003, 0.0003, 0.0003] 
[0.0003, 0.0003, 0.0003] 
[0.0003, 0.0003, 0.0003] 
[0.0003, 0.0003, 0.0003] 
[0.0003, 0.0003, 0.0003] 
[0.0002715289180915347, 0.0003, 0.0003] 
[0.0003, 0.0003, 0.0003] 
[0.0003, 0.0002690233142581273, 0.0003] 
[0.0003, 0.0002796920009629347, 0.0003] 
[0.0003, 0.0003, 0.0003] 
[0.0003, 0.0003, 0.0003] 
[0.0003, 0.0003, 0.0003] 
[0.0002772637909210573, 0.0003, 0.0003] 
[0.0003, 0.0003, 0.0003] 
[0.0003, 0.0003, 0.0003] 
[0.0003, 0.0003, 0.0002773040028285336] 
[0.0003, 0.0003, 0.0003] 
[0.0003, 0.00026845436853178696, 0.0003] 
[0.0003, 0.0003, 0.0003] 
[0.0003, 0.0003, 0.0003] 
[0.0002849409392818556, 0.0003, 0.0003] 
[0.0003, 0.0003, 0.0003] 
[0.0003, 0.0003, 0.0003] 
[0.0003, 0.0003, 0.0003] 
[0.0003, 0.0003, 0.0003] 
[0.0003, 0.0003, 0.0002642325668096945] 
[0.0003, 0.0003, 0.0003] 
[0.0003, 0.0002633630202168747, 0.0003] 
[0.0003, 0.0003, 0.0003] 
[0.0003, 0.0003, 0.0003] 
[0.0003, 0.0003, 0.0003] 
[0.0003, 0.0003, 0.0003] 
[0.000267001132415704, 0.0003, 0.0003] 
[0.0003, 0.0003, 0.0003] 
[0.0003, 0.0003, 0.0003] 
[0.0003, 0.0003, 0.0003] 
[0.0003, 0.0003, 0.0003] 
[0.0003, 0.0002816888803122756, 0.0003] 
[0.0002904865052970689, 0.0002816888803122756, 0.0003] 
[0.0003, 0.0003, 0.0003] 
[0.0003, 0.0003, 0.00024340698946034723] 
[0.0003, 0.0003, 0.0003] 
[0.0003, 0.0003, 0.0003] 
[0.0003, 0.0003, 0.0003] 
[0.0003, 0.0003, 0.0003] 
[0.0003, 0.0003, 0.0003] 
[0.0003, 0.00024694668347338526, 0.0003] 
[0.0003, 0.0003, 0.0003] 
[0.0003, 0.0003, 0.0003] 
[0.0003, 0.0003, 0.0003] 
[0.0003, 0.0003, 0.0003] 
[0.0002760670317565516, 0.0003, 0.0003] 
[0.0003, 0.0003, 0.0003] 
[0.0003, 0.0003, 0.0003] 
[0.0003, 0.0003, 0.0003] 
[0.0003, 0.0003, 0.0003] 
[0.00024730131790456114, 0.0003, 0.0002602964808083113] 
[0.0003, 0.0003, 0.0003] 
[0.0003, 0.00025281633571032965, 0.0003] 
[0.0003, 0.0003, 0.0003] 
[0.0003, 0.0003, 0.0003] 
[0.000286854846836417, 0.0003, 0.0003] 
[0.0003, 0.0003, 0.0003] 
[0.0003, 0.0003, 0.0003] 
[0.0003, 0.0003, 0.0003] 
[0.0003, 0.0003, 0.0003] 
[0.0003, 0.0003, 0.0003] 
[0.0003, 0.0003, 0.0003] 
[0.0003, 0.0003, 0.0003] 
[0.0002727239113784642, 0.0003, 0.0003] 
[0.0003, 0.0003, 0.0003] 
[0.0003, 0.0003, 0.0003] 
[0.0003, 0.0003, 0.00023596376112138483] 
[0.0003, 0.0003, 0.0003] 
[0.0003, 0.0003, 0.0003] 
[0.0003, 0.0003, 0.0003] 
[0.0003, 0.0003, 0.0003] 
[0.0002732795555764771, 0.0003, 0.0003] 
[0.0003, 0.0003, 0.0003] 
[0.0003, 0.0002383632276199826, 0.0003] 
[0.0003, 0.0003, 0.0003] 
[0.0003, 0.0003, 0.0003] 
[0.0003, 0.0003, 0.0002732548967088188] 
[0.0003, 0.0003, 0.0003] 
[0.000271946982142607, 0.0003, 0.0003] 
[0.0003, 0.0003, 0.0003] 
[0.0003, 0.0003, 0.0003] 
[0.0003, 0.0003, 0.0003] 
[0.0003, 0.0003, 0.0003] 
[0.0003, 0.0003, 0.0003] 
[0.0002787075589503158, 0.0003, 0.0003] 
[0.0002787075589503158, 0.00025728577919874687, 0.0003] 
[0.0003, 0.0003, 0.0003] 
[0.0003, 0.0003, 0.0003] 
[0.0003, 0.0003, 0.0003] 
[0.0003, 0.0003, 0.0003] 
[0.0003, 0.0003, 0.0002655581880465566] 
[0.0003, 0.0003, 0.0003] 
[0.0002575945708919665, 0.0003, 0.0003] 
[0.0003, 0.0003, 0.0003] 
[0.0003, 0.0003, 0.0003] 
[0.0003, 0.0003, 0.0003] 
[0.0003, 0.0003, 0.0003] 
[0.0003, 0.0003, 0.0003] 
[0.0003, 0.0003, 0.0002874356434517744] 
[0.0003, 0.0003, 0.0003] 
[0.00025405186760874595, 0.0003, 0.0003] 
[0.0003, 0.0003, 0.0003] 
[0.0003, 0.0003, 0.0003] 
[0.0003, 0.00024201419306274285, 0.0003] 
[0.0003, 0.0003, 0.0003] 
[0.0003, 0.0003, 0.0002635939500379539] 
[0.0003, 0.0003, 0.0003] 
[0.00027878983402136406, 0.0003, 0.0003] 
[0.0003, 0.0003, 0.0003] 
[0.0003, 0.00027167757850931734, 0.0003] 
[0.0003, 0.0003, 0.0003] 
[0.0003, 0.0003, 0.0003] 
[0.00027869986098019625, 0.0003, 0.0003] 
[0.0003, 0.0003, 0.0003] 
[0.0003, 0.0003, 0.0003] 
[0.0003, 0.0003, 0.0003] 
[0.0002807753447984768, 0.0003, 0.0003] 
[0.0002807753447984768, 0.0003, 0.0002510907895918049] 
[0.0003, 0.0003, 0.0003] 
[0.0003, 0.0002415821449153449, 0.0003] 
[0.0003, 0.0003, 0.0003] 
[0.0003, 0.0003, 0.0003] 
[0.0003, 0.0003, 0.0003] 
[0.0003, 0.0003, 0.0002686598161348067] 
[0.0003, 0.0003, 0.0003] 
[0.00027958593874847896, 0.0003, 0.0003] 
[0.0003, 0.0003, 0.0003] 
[0.0003, 0.0003, 0.0003] 
[0.0003, 0.0003, 0.0003] 
[0.0003, 0.0003, 0.0003] 
[0.0003, 0.0003, 0.0002824055417795204] 
[0.0003, 0.0003, 0.0003] 
[0.0003, 0.0003, 0.0003] 
[0.0003, 0.00027009136771550147, 0.0003] 
[0.0003, 0.0003, 0.0003] 
[0.0003, 0.0003, 0.0003] 
[0.0003, 0.0003, 0.0003] 
[0.00024891246847477097, 0.0003, 0.0003] 
[0.0003, 0.0003, 0.0003] 
[0.0003, 0.0003, 0.0003] 
[0.0003, 0.0003, 0.0003] 
[0.0003, 0.0003, 0.0003] 
[0.0003, 0.0003, 0.0003] 
[0.0003, 0.0002520951993369139, 0.0003] 
[0.0003, 0.0003, 0.0003] 
[0.0003, 0.0003, 0.0003] 
[0.00024375763533365932, 0.0003, 0.00023836038474619586] 
[0.0003, 0.0003, 0.0003] 
[0.0003, 0.0003, 0.0003] 
[0.0003, 0.0003, 0.0003] 
[0.0003, 0.0003, 0.0003] 
[0.0003, 0.0003, 0.0003] 
[0.0003, 0.0003, 0.00026466207420969853] 
[0.0003, 0.0003, 0.0003] 
[0.0002628565577540802, 0.0003, 0.0003] 
[0.0002628565577540802, 0.00027625584988767466, 0.0003] 
[0.0003, 0.0003, 0.0003] 
[0.0003, 0.0003, 0.0003] 
[0.0003, 0.0003, 0.0003] 
[0.0003, 0.0002822101665675265, 0.0003] 
[0.0003, 0.0003, 0.0003] 
[0.0002781347096601018, 0.0003, 0.0003] 
[0.0003, 0.0003, 0.0003] 
[0.0003, 0.0003, 0.0003] 
[0.0003, 0.0003, 0.00023864093078420902] 
[0.0003, 0.0003, 0.0003] 
[0.0003, 0.0003, 0.0003] 
[0.0003, 0.0003, 0.0003] 
[0.0002670568053174315, 0.0003, 0.0003] 
[0.0003, 0.0003, 0.0003] 
[0.0003, 0.0003, 0.0003] 
[0.0003, 0.0003, 0.00027989317325266723] 
[0.0003, 0.0003, 0.0003] 
[0.0003, 0.0003, 0.0003] 
[0.0003, 0.0003, 0.0003] 
[0.0002703470217651197, 0.0003, 0.0003] 
[0.0002703470217651197, 0.00026385497971589863, 0.0003] 
[0.0003, 0.0003, 0.0003] 
[0.0003, 0.0003, 0.0003] 
[0.0003, 0.0003, 0.0003] 
[0.0003, 0.0003, 0.0003] 
[0.0003, 0.0003, 0.0003] 
[0.0003, 0.0003, 0.0003] 
[0.0003, 0.0003, 0.0003] 
[0.0003, 0.0003, 0.0002721449243738812] 
[0.0003, 0.0003, 0.0003] 
[0.0003, 0.0003, 0.0003] 
[0.0003, 0.0003, 0.0003] 
[0.0003, 0.0003, 0.0003] 
[0.0002215290130483213, 0.0003, 0.0003] 
[0.0003, 0.0003, 0.0003] 
[0.0003, 0.0003, 0.0003] 
[0.0003, 0.0003, 0.0003] 
[0.0003, 0.0003, 0.0003] 
[0.0003, 0.0003, 0.0003] 
[0.0003, 0.0003, 0.00023792756625069493] 
[0.0003, 0.0003, 0.0003] 
[0.0003, 0.0003, 0.0003] 
[0.00028324706024463516, 0.0003, 0.0003] 
[0.00024640743550380286, 0.0002365303032034158, 0.0003] 
[0.0003, 0.0003, 0.0003] 
[0.0003, 0.0003, 0.0003] 
[0.0003, 0.0003, 0.0003] 
[0.0003, 0.0003, 0.0003] 
[0.0003, 0.0003, 0.0003] 
[0.0003, 0.0003, 0.0002765469810142822] 
[0.0003, 0.0003, 0.0003] 
[0.0003, 0.0003, 0.0003] 
[0.0003, 0.0003, 0.0003] 
[0.0002710038854196283, 0.0003, 0.0003] 
[0.0003, 0.0003, 0.0003] 
[0.0003, 0.0003, 0.0003] 
[0.0003, 0.00026758985607085563, 0.0003] 
[0.0003, 0.0003, 0.0003] 
[0.0003, 0.0003, 0.0003] 
[0.0003, 0.0003, 0.0003] 
[0.0003, 0.0003, 0.0003] 
[0.0003, 0.0003, 0.0002659668798581971] 
[0.0003, 0.0003, 0.0003] 
[0.0003, 0.0003, 0.0003] 
[0.0003, 0.0003, 0.0003] 
[0.0002804359653549694, 0.0003, 0.0003] 
[0.0002804359653549694, 0.000274857606256786, 0.0003] 
[0.0003, 0.0003, 0.0003] 
[0.0003, 0.0003, 0.0003] 
[0.0003, 0.0003, 0.0003] 
[0.0002768434308527555, 0.0003, 0.0003] 
[0.0003, 0.0003, 0.0003] 
[0.0003, 0.0002797048565993176, 0.0003] 
[0.0003, 0.0003, 0.0003] 
[0.0003, 0.0003, 0.0003] 
[0.0003, 0.0003, 0.0003] 
[0.0003, 0.0003, 0.00025035952384277923] 
[0.0003, 0.0003, 0.0003] 
[0.0003, 0.0003, 0.0003] 
[0.0003, 0.0003, 0.0003] 
[0.0003, 0.0003, 0.0003] 
[0.000279595917915514, 0.0003, 0.0003] 
[0.0003, 0.0003, 0.0003] 
[0.0003, 0.0003, 0.0003] 
[0.0003, 0.0003, 0.0003] 
[0.0003, 0.0003, 0.00027069562675590406] 
[0.0003, 0.0003, 0.0003] 
[0.0003, 0.0003, 0.0003] 
[0.0003, 0.0003, 0.0003] 
[0.0003, 0.0003, 0.0003] 
[0.0003, 0.0003, 0.0003] 
[0.0003, 0.0003, 0.0003] 
[0.0003, 0.0003, 0.0003] 
[0.0003, 0.0003, 0.0003] 
[0.0003, 0.0003, 0.0003] 
[0.0003, 0.00020781002937894774, 0.0003] 
[0.0003, 0.0003, 0.0003] 
[0.0003, 0.0003, 0.0003] 
[0.00027151604758405645, 0.0003, 0.0003] 
[0.0003, 0.0003, 0.0003] 
[0.0003, 0.0003, 0.0003] 
[0.0003, 0.0003, 0.0003] 
[0.0003, 0.0003, 0.0003] 
[0.0003, 0.0003, 0.00025903785596160384] 
[0.0003, 0.0003, 0.0003] 
[0.0003, 0.0003, 0.0003] 
[0.0003, 0.0003, 0.0003] 
[0.00026961382392817003, 0.0003, 0.0003] 
[0.00026961382392817003, 0.00025885897360661037, 0.0003] 
[0.0003, 0.0003, 0.0003] 
[0.0003, 0.0003, 0.0003] 
[0.0003, 0.0003, 0.0003] 
[0.0003, 0.0003, 0.0003] 
[0.00027261711556146286, 0.0003, 0.0003] 
[0.0003, 0.0003, 0.0003] 
[0.0003, 0.0003, 0.0003] 
[0.0003, 0.0003, 0.0003] 
[0.0003, 0.0003, 0.0003] 
[0.0003, 0.0003, 0.0003] 
[0.000264897329598469, 0.0003, 0.00024950972717049653] 
[0.0003, 0.0003, 0.0003] 
[0.0003, 0.0003, 0.0003] 
[0.0003, 0.0003, 0.0003] 
[0.0003, 0.0003, 0.0003] 
[0.00027738367064095946, 0.0003, 0.0003] 
[0.0003, 0.0003, 0.0003] 
[0.0003, 0.00025825360066526585, 0.0003] 
[0.0003, 0.0003, 0.0003] 
[0.0003, 0.0003, 0.0003] 
[0.0003, 0.0003, 0.00024350497403960675] 
[0.0003, 0.0003, 0.0003] 
[0.0002647208442668986, 0.0003, 0.0003] 
[0.0003, 0.0003, 0.0003] 
[0.0003, 0.0003, 0.0003] 
[0.0003, 0.0003, 0.0003] 
[0.0003, 0.0003, 0.0003] 
[0.0003, 0.0003, 0.0003] 
[0.0003, 0.0003, 0.0003] 
[0.0003, 0.0003, 0.0003] 
[0.0003, 0.0003, 0.0002563357940510425] 
[0.0003, 0.0003, 0.0003] 
[0.0003, 0.0003, 0.0003] 
[0.0003, 0.0003, 0.0003] 
[0.0003, 0.00022420675679334442, 0.0003] 
[0.0003, 0.0003, 0.0003] 
[0.0003, 0.0003, 0.0003] 
[0.00022031505185416192, 0.0003, 0.0003] 
[0.0003, 0.0003, 0.0003] 
[0.0003, 0.0003, 0.0003] 
[0.0003, 0.0003, 0.0002788230104190394] 
[0.0003, 0.0003, 0.0003] 
[0.0003, 0.0003, 0.0003] 
[0.0003, 0.0003, 0.0003] 
[0.00027297740642277406, 0.0003, 0.0003] 
[0.0003, 0.0003, 0.0003] 
[0.0003, 0.0003, 0.0003] 
[0.0003, 0.0003, 0.0003] 
[0.0003, 0.0003, 0.0003] 
[0.0003, 0.0003, 0.0003] 
[0.0003, 0.0003, 0.0003] 
[0.0003, 0.0003, 0.0003] 
[0.0003, 0.0003, 0.0003] 
[0.0003, 0.00027219202128011627, 0.0003] 
[0.0003, 0.0003, 0.0003] 
[0.00027099650571890097, 0.0003, 0.0003] 
[0.0003, 0.0003, 0.0003] 
[0.0003, 0.0003, 0.00025917962159462745] 
[0.0003, 0.0003, 0.0003] 
[0.0003, 0.0003, 0.0003] 
[0.0003, 0.0003, 0.0003] 
[0.00028179366211795553, 0.0003, 0.0003] 
[0.0003, 0.0003, 0.0003] 
[0.0003, 0.0003, 0.0003] 
[0.0003, 0.0003, 0.0003] 
[0.0002789088700868978, 0.0003, 0.0003] 
[0.0003, 0.0003, 0.0003] 
[0.0003, 0.0003, 0.0003] 
[0.0003, 0.0003, 0.0003] 
[0.0003, 0.0003, 0.0003] 
[0.0003, 0.0003, 0.0003] 
[0.0003, 0.0003, 0.0003] 
[0.0002734205309726541, 0.0003, 0.0003] 
[0.0003, 0.0003, 0.0003] 
[0.0003, 0.0003, 0.0003] 
[0.0003, 0.0003, 0.0002672125437369782] 
[0.0003, 0.0003, 0.0003] 
[0.0003, 0.0003, 0.0003] 
[0.0003, 0.00014281001596209688, 0.0003] 
[0.0003, 0.0003, 0.0003] 
[0.0003, 0.0003, 0.0003] 
[0.0003, 0.0003, 0.0003] 
[0.00027810336888239455, 0.0003, 0.0003] 
[0.0003, 0.0003, 0.0003] 
[0.0003, 0.0003, 0.0002655886477041879] 
[0.0003, 0.0003, 0.0003] 
[0.0003, 0.0003, 0.0003] 
[0.0003, 0.0003, 0.0003] 
[0.0003, 0.0003, 0.0003] 
[0.0002904644348998282, 0.0003, 0.0003] 
[0.0003, 0.0003, 0.0003] 
[0.0003, 0.0003, 0.0003] 
[0.0003, 0.0003, 0.0003] 
[0.0003, 0.0003, 0.0003] 
[0.0003, 0.0003, 0.0003] 
[0.0003, 0.0003, 0.0003] 
[0.0002688988167494705, 0.0003, 0.0003] 
[0.0003, 0.0003, 0.0003] 
[0.0003, 0.0003, 0.0003] 
[0.0003, 0.0002319682117078307, 0.0003] 
[0.0003, 0.0003, 0.0003] 
[0.0003, 0.0003, 0.0003] 
[0.0003, 0.0003, 0.000174140304573945] 
[0.0003, 0.0003, 0.0003] 
[0.0003, 0.0003, 0.0003] 
[0.0003, 0.0003, 0.0003] 
[0.00025676609530941863, 0.0003, 0.0003] 
[0.0003, 0.0003, 0.0003] 
[0.0003, 0.0003, 0.0003] 
[0.0003, 0.0003, 0.0003] 
[0.0003, 0.0003, 0.0003] 
[0.0003, 0.0003, 0.0003] 
[0.0003, 0.0003, 0.0003] 
[0.0003, 0.0003, 0.00027245021907536596] 
[0.0003, 0.0003, 0.0003] 
[0.00025683047721792825, 0.0003, 0.0003] 
[0.0003, 0.0003, 0.0003] 
[0.0003, 0.00023295322986459214, 0.0003] 
[0.0003, 0.0003, 0.0003] 
[0.0003, 0.0003, 0.0003] 
[0.0003, 0.0003, 0.0003] 
[0.0002733910809795529, 0.0003, 0.0003] 
[0.0003, 0.0003, 0.0003] 
[0.0003, 0.0003, 0.0003] 
[0.0003, 0.000287030405417037, 0.0003] 
[0.0003, 0.0003, 0.0003] 
[0.0003, 0.0003, 0.0003] 
[0.0003, 0.0003, 0.0003] 
[0.0003, 0.0003, 0.00025235991574113663] 
[0.0003, 0.0003, 0.0003] 
[0.0003, 0.0003, 0.0003] 
[0.00028010773709890945, 0.0003, 0.0003] 
[0.0003, 0.0003, 0.0003] 
[0.0003, 0.0003, 0.0003] 
[0.0003, 0.0003, 0.0003] 
[0.0003, 0.0003, 0.0003] 
[0.0003, 0.00025466123533788004, 0.0003] 
[0.0003, 0.0003, 0.0003] 
[0.0002808576733358863, 0.0003, 0.0003] 
[0.0003, 0.0003, 0.0003] 
[0.0003, 0.0003, 0.0003] 
[0.0003, 0.0003, 0.0003] 
[0.0003, 0.0003, 0.0003] 
[0.0003, 0.0003, 0.0003] 
[0.0002701945523383245, 0.0003, 0.0003] 
[0.0003, 0.0003, 0.0003] 
[0.0003, 0.0003, 0.000284958125798698] 
[0.0003, 0.0003, 0.0003] 
[0.0003, 0.0002845960393525246, 0.0003] 
[0.0003, 0.0003, 0.0003] 
[0.0003, 0.0003, 0.0003] 
[0.0003, 0.0003, 0.0002711293240003514] 
[0.0003, 0.0003, 0.0003] 
[0.0003, 0.0003, 0.0003] 
[0.0003, 0.0003, 0.0002837848094447792] 
[0.00025837807474446216, 0.0003, 0.0002837848094447792] 
[0.0003, 0.0003, 0.0003] 
[0.0003, 0.0002644906478729097, 0.0003] 
[0.0003, 0.0003, 0.0003] 
[0.0003, 0.0003, 0.0003] 
[0.0003, 0.0003, 0.0003] 
[0.0003, 0.0003, 0.0002599111048875489] 
[0.0003, 0.0003, 0.0003] 
[0.0003, 0.0003, 0.0003] 
[0.0003, 0.0002859559446616053, 0.0003] 
[0.0003, 0.0003, 0.0003] 
[0.0003, 0.0003, 0.0003] 
[0.0003, 0.0003, 0.0003] 
[0.0003, 0.0003, 0.0003] 
[0.00023957341183590764, 0.0003, 0.0003] 
[0.0003, 0.0003, 0.0003] 
[0.0003, 0.0003, 0.0003] 
[0.0003, 0.0003, 0.0003] 
[0.0003, 0.0003, 0.0002577092247282623] 
[0.0003, 0.0003, 0.0003] 
[0.0002821465362667243, 0.0003, 0.0003] 
[0.0003, 0.0003, 0.0003] 
[0.0003, 0.0003, 0.0003] 
[0.0003, 0.0003, 0.0003] 
[0.0003, 0.00027901439734038245, 0.0003] 
[0.0003, 0.0003, 0.0003] 
[0.0003, 0.0003, 0.0003] 
[0.0002745663648308781, 0.0003, 0.0003] 
[0.0003, 0.0003, 0.0003] 
[0.0003, 0.0003, 0.0003] 
[0.0003, 0.0003, 0.0002611923237985508] 
[0.0003, 0.0003, 0.0003] 
[0.0003, 0.0003, 0.0003] 
[0.0003, 0.0003, 0.0003] 
[0.0003, 0.0002735965970307013, 0.0003] 
[0.0003, 0.0003, 0.0003] 
[0.0003, 0.0003, 0.0003] 
[0.0003, 0.0003, 0.0003] 
[0.0002804574531610925, 0.0003, 0.0003] 
[0.0003, 0.0003, 0.0003] 
[0.0003, 0.0003, 0.0003] 
[0.0003, 0.0003, 0.0003] 
[0.0003, 0.0003, 0.0003] 
[0.0003, 0.0003, 0.0003] 
[0.0003, 0.0003, 0.0003] 
[0.0003, 0.0003, 0.0003] 
[0.0003, 0.00028244975875287373, 0.0003] 
[0.0003, 0.00028244975875287373, 0.0002434397475371815] 
[0.0003, 0.0003, 0.0003] 
[0.0003, 0.0003, 0.0003] 
[0.0003, 0.0003, 0.0003] 
[0.00025222739237433224, 0.0003, 0.0003] 
[0.0003, 0.0003, 0.0003] 
[0.0003, 0.0002674508122518164, 0.0003] 
[0.0003, 0.0003, 0.0003] 
[0.0003, 0.0003, 0.0003] 
[0.0003, 0.0003, 0.0003] 
[0.0003, 0.0003, 0.0003] 
[0.0003, 0.0003, 0.0003] 
[0.0002709110564710314, 0.0003, 0.0003] 
[0.0003, 0.0003, 0.0003] 
[0.0003, 0.0003, 0.0003] 
[0.0003, 0.0003, 0.0003] 
[0.0003, 0.000262283628780748, 0.0003] 
[0.0003, 0.0003, 0.0003] 
[0.0003, 0.0003, 0.0003] 
[0.00027485398090555446, 0.0003, 0.0003] 
[0.0003, 0.0003, 0.0003] 
[0.0003, 0.0003, 0.0003] 
[0.0003, 0.00027776621281042345, 0.0003] 
[0.0003, 0.0003, 0.0003] 
[0.00022198309471988526, 0.0003, 0.0001952788413474995] 
[0.0003, 0.0003, 0.0003] 
[0.0003, 0.0003, 0.0003] 
[0.0003, 0.0003, 0.0003] 
[0.0003, 0.0003, 0.0003] 
[0.0003, 0.0003, 0.0003] 
[0.0003, 0.0003, 0.0003] 
[0.0003, 0.0003, 0.0003] 
[0.0003, 0.0003, 0.0003] 
[0.0002508055689359608, 0.0003, 0.0003] 
[0.0003, 0.0003, 0.0003] 
[0.0003, 0.0003, 0.0003] 
[0.0003, 0.0003, 0.0003] 
[0.0003, 0.0003, 0.0002355786516351746] 
[0.0003, 0.0003, 0.0003] 
[0.0003, 0.0003, 0.0003] 
[0.0002705923357750822, 0.0003, 0.0003] 
[0.0003, 0.0003, 0.0003] 
[0.0003, 0.0003, 0.0003] 
[0.0003, 0.0003, 0.0003] 
[0.000281269953354872, 0.0003, 0.0003] 
[0.0003, 0.0003, 0.0003] 
[0.0003, 0.0003, 0.0003] 
[0.0003, 0.0003, 0.0003] 
[0.0003, 0.0003, 0.0003] 
[0.0003, 0.0003, 0.0003] 
[0.0003, 0.00018829241084678385, 0.0003] 
[0.0003, 0.0003, 0.0003] 
[0.0003, 0.0003, 0.0003] 
[0.0003, 0.0003, 0.0003] 
[0.0003, 0.0003, 0.0003] 
[0.0003, 0.0003, 0.0003] 
[0.0003, 0.0003, 0.0003] 
[0.0003, 0.00022554707805944534, 0.00020786527207229322] 
[0.0003, 0.0003, 0.0003] 
[0.0003, 0.0003, 0.0003] 
[0.0003, 0.0003, 0.0003] 
[0.0002790485813736828, 0.0003, 0.0003] 
[0.0003, 0.0003, 0.0003] 
[0.0003, 0.0003, 0.0003] 
[0.0003, 0.0003, 0.0003] 
[0.0003, 0.0003, 0.0003] 
[0.0003, 0.0003, 0.0003] 
[0.0003, 0.0003, 0.0003] 
[0.0003, 0.0003, 0.0003] 
[0.0003, 0.0003, 0.0002489307950511906] 
[0.0003, 0.0003, 0.0003] 
[0.0003, 0.0003, 0.0003] 
[0.0003, 0.0002804904795461181, 0.0003] 
[0.0002737644565144492, 0.0002804904795461181, 0.0003] 
[0.0003, 0.0003, 0.0003] 
[0.0003, 0.0003, 0.0003] 
[0.0003, 0.0003, 0.0003] 
[0.0003, 0.0003, 0.0003] 
[0.0003, 0.0003, 0.0003] 
[0.0003, 0.0003, 0.0003] 
[0.000258481420500453, 0.0003, 0.0003] 
[0.0003, 0.0003, 0.0003] 
[0.0003, 0.0003, 0.0003] 
[0.00026975506855521624, 0.0003, 0.0002291201740626427] 
[0.0003, 0.0003, 0.0003] 
[0.0003, 0.00024999383170118774, 0.0003] 
[0.0003, 0.0003, 0.0003] 
[0.0003, 0.0003, 0.0003] 
[0.0003, 0.0003, 0.0003] 
[0.0003, 0.0003, 0.0003] 
[0.0003, 0.0003, 0.0003] 
[0.0003, 0.0003, 0.0003] 
[0.0003, 0.0003, 0.0003] 
[0.0003, 0.000288152980070996, 0.0003] 
[0.0003, 0.0003, 0.0003] 
[0.0003, 0.0003, 0.0003] 
[0.0002482979414620748, 0.0003, 0.0003] 
[0.0003, 0.0003, 0.0003] 
[0.0003, 0.0003, 0.0003] 
[0.0003, 0.0003, 0.00026750252189066374] 
[0.0003, 0.0003, 0.0003] 
[0.0003, 0.0003, 0.0003] 
[0.0003, 0.00025745354626265245, 0.0003] 
[0.0003, 0.0003, 0.0003] 
[0.0003, 0.0003, 0.0003] 
[0.0003, 0.0003, 0.0003] 
[0.0003, 0.0003, 0.0003] 
[0.0003, 0.0003, 0.0003] 
[0.00026481208827479515, 0.0003, 0.0003] 
[0.0003, 0.0003, 0.0003] 
[0.0003, 0.0003, 0.0003] 
[0.0003, 0.0003, 0.0003] 
[0.0003, 0.00027942263476689143, 0.0003] 
[0.0003, 0.0003, 0.0003] 
[0.0003, 0.0003, 0.0003] 
[0.00021121071991101294, 0.0003, 0.00026781206418923724] 
[0.0003, 0.0003, 0.0003] 
[0.0003, 0.0003, 0.0003] 
[0.0003, 0.0003, 0.0003] 
[0.0003, 0.0003, 0.0003] 
[0.0003, 0.0003, 0.0003] 
[0.0003, 0.0003, 0.0003] 
[0.0003, 0.0003, 0.0003] 
[0.0003, 0.0003, 0.0003] 
[0.0003, 0.0003, 0.0003] 
[0.0002473328171865274, 0.0003, 0.0003] 
[0.0003, 0.0003, 0.0003] 
[0.0003, 0.00025273260838295266, 0.0003] 
[0.0003, 0.0003, 0.0003] 
[0.0003, 0.0003, 0.0003] 
[0.0003, 0.0003, 0.0003] 
[0.0003, 0.0003, 0.0003] 
[0.0003, 0.0003, 0.0002637577802224966] 
[0.0003, 0.0003, 0.0003] 
[0.0003, 0.0003, 0.0003] 
[0.0003, 0.0002632476956678104, 0.0003] 
[0.00027846032759299864, 0.0002632476956678104, 0.0003] 
[0.0003, 0.0003, 0.0003] 
[0.0003, 0.0003, 0.0003] 
[0.0003, 0.0003, 0.0003] 
[0.0003, 0.0003, 0.0003] 
[0.0003, 0.0003, 0.0003] 
[0.0003, 0.0003, 0.0003] 
[0.0003, 0.0003, 0.0003] 
[0.0003, 0.0003, 0.0003] 
[0.00026703890408747387, 0.0003, 0.0003] 
[0.0003, 0.0003, 0.0003] 
[0.0003, 0.0003, 0.0003] 
[0.0003, 0.0003, 0.0003] 
[0.0003, 0.00023042636433203418, 0.00023129883085072013] 
[0.0003, 0.0003, 0.0003] 
[0.0003, 0.0003, 0.0003] 
[0.0003, 0.0003, 0.0003] 
[0.00028017879577397467, 0.0003, 0.0003] 
[0.0003, 0.0003, 0.0003] 
[0.0003, 0.0003, 0.0003] 
[0.0003, 0.0003, 0.0003] 
[0.0003, 0.0003, 0.0003] 
[0.00028494211117455496, 0.0003, 0.0003] 
[0.0003, 0.0003, 0.0003] 
[0.0003, 0.0003, 0.0003] 
[0.0003, 0.0003, 0.0003] 
[0.0003, 0.0003, 0.0003] 
[0.0003, 0.0003, 0.0003] 
[0.0003, 0.0003, 0.0003] 
[0.0002434932240117865, 0.0003, 0.000221981814464483] 
[0.0003, 0.0003, 0.0003] 
[0.0003, 0.0003, 0.0003] 
[0.0003, 0.0002756691228827036, 0.0003] 
[0.0003, 0.0003, 0.0003] 
[0.0003, 0.0003, 0.00029430953636417516] 
[0.0003, 0.0003, 0.0003] 
[0.0003, 0.0003, 0.0003] 
[0.0003, 0.0003, 0.0003] 
[0.0003, 0.0003, 0.0003] 
[0.00026539001762580257, 0.0003, 0.0003] 
[0.0003, 0.0003, 0.0003] 
[0.0003, 0.0003, 0.0003] 
[0.0003, 0.0002702476030690342, 0.0003] 
[0.0003, 0.0003, 0.0003] 
[0.0003, 0.0003, 0.0003] 
[0.0003, 0.0003, 0.0003] 
[0.00026246256646253745, 0.0003, 0.0003] 
[0.0003, 0.0003, 0.0003] 
[0.0003, 0.0003, 0.0003] 
[0.0003, 0.0002583317286134376, 0.00022318227581636258] 
[0.0003, 0.0003, 0.0003] 
[0.0003, 0.0003, 0.0003] 
[0.0003, 0.0003, 0.0003] 
[0.0003, 0.0003, 0.0003] 
[0.0003, 0.0003, 0.0003] 
[0.0003, 0.0003, 0.0003] 
[0.0003, 0.0003, 0.0003] 
[0.00023631320449196764, 0.0003, 0.0003] 
[0.0003, 0.0003, 0.0003] 
[0.0003, 0.0003, 0.0003] 
[0.0003, 0.0003, 0.0003] 
[0.0003, 0.0003, 0.0003] 
[0.0003, 0.0003, 0.0003] 
[0.0003, 0.0003, 0.0003] 
[0.0003, 0.0003, 0.0003] 
[0.0003, 0.00025324045810364726, 0.0003] 
[0.0003, 0.0003, 0.0003] 
[0.0003, 0.0003, 0.0002626886439678759] 
[0.0003, 0.0003, 0.0003] 
[0.0003, 0.0003, 0.0003] 
[0.0003, 0.0003, 0.0003] 
[0.00022242286202123036, 0.0003, 0.0003] 
[0.0003, 0.0003, 0.0003] 
[0.0003, 0.0003, 0.0003] 
[0.0003, 0.0003, 0.0003] 
[0.0003, 0.0003, 0.0003] 
[0.0003, 0.0002552090178123843, 0.0003] 
[0.0003, 0.0003, 0.0003] 
[0.0002848017524075175, 0.0003, 0.0003] 
[0.0002848017524075175, 0.0003, 0.00024269111344847242] 
[0.0003, 0.0003, 0.0003] 
[0.0003, 0.0003, 0.0003] 
[0.0003, 0.0003, 0.0003] 
[0.0003, 0.0003, 0.0003] 
[0.0003, 0.0003, 0.0003] 
[0.0003, 0.0003, 0.0003] 
[0.0003, 0.00025324655658248626, 0.0003] 
[0.0003, 0.0003, 0.0003] 
[0.00025778827323043665, 0.0003, 0.0003] 
[0.0003, 0.0003, 0.0003] 
[0.0003, 0.0003, 0.000264585406498392] 
[0.0003, 0.0003, 0.0003] 
[0.0003, 0.0003, 0.0003] 
[0.0003, 0.0003, 0.0003] 
[0.0003, 0.0003, 0.0003] 
[0.0003, 0.0003, 0.0003] 
[0.0003, 0.0003, 0.0002797834875140541] 
[0.0003, 0.0003, 0.0003] 
[0.0002676328394094708, 0.0003, 0.0003] 
[0.0003, 0.0003, 0.0003] 
[0.0003, 0.0003, 0.0003] 
[0.0003, 0.0002592886384708891, 0.0003] 
[0.0003, 0.0003, 0.0003] 
[0.0003, 0.0003, 0.0003] 
[0.0003, 0.0003, 0.0003] 
[0.0003, 0.0002810035951967968, 0.0003] 
[0.0003, 0.0003, 0.0003] 
[0.0002591856852438864, 0.0003, 0.0003] 
[0.0003, 0.0003, 0.0003] 
[0.0003, 0.0003, 0.0003] 
[0.0003, 0.0003, 0.00026167491557051447] 
[0.0003, 0.0003, 0.0003] 
[0.0003, 0.0003, 0.0003] 
[0.00028315579401460244, 0.0003, 0.0003] 
[0.0003, 0.0003, 0.0003] 
[0.0003, 0.0003, 0.0003] 
[0.0003, 0.0003, 0.0003] 
[0.0003, 0.0003, 0.0003] 
[0.0003, 0.00022319201294430423, 0.0003] 
[0.0003, 0.0003, 0.0003] 
[0.0003, 0.0003, 0.00025965817024015873] 
[0.0003, 0.0003, 0.0003] 
[0.0003, 0.0002775090875505027, 0.0003] 
[0.0003, 0.0003, 0.0003] 
[0.0003, 0.0003, 0.0003] 
[0.00022609076725624533, 0.0003, 0.0003] 
[0.0003, 0.0003, 0.0003] 
[0.0003, 0.0003, 0.00028719644270633294] 
[0.0003, 0.0003, 0.0003] 
[0.0003, 0.0003, 0.0003] 
[0.0003, 0.0003, 0.0003] 
[0.0003, 0.0003, 0.0003] 
[0.0003, 0.0003, 0.0003] 
[0.0003, 0.0003, 0.00027315692774887765] 
[0.0003, 0.0003, 0.0003] 
[0.00027283065554739534, 0.0003, 0.0003] 
[0.0003, 0.0003, 0.0003] 
[0.0003, 0.0003, 0.0003] 
[0.0003, 0.0003, 0.0003] 
[0.0003, 0.0002348441890305089, 0.0003] 
[0.0003, 0.0003, 0.0003] 
[0.0003, 0.0003, 0.0003] 
[0.0003, 0.0003, 0.0003] 
[0.0003, 0.0003, 0.0003] 
[0.0003, 0.0003, 0.0003] 
[0.00023822411490666978, 0.0003, 0.0003] 
[0.0003, 0.0003, 0.0003] 
[0.0003, 0.0003, 0.0003] 
[0.0003, 0.0003, 0.0003] 
[0.0003, 0.0003, 0.0001920930377602105] 
[0.0003, 0.0003, 0.00025529728527074846] 
[0.0003, 0.0003, 0.0003] 
[0.0003, 0.0003, 0.0003] 
[0.0003, 0.0003, 0.0003] 
[0.0003, 0.0003, 0.0003] 
[0.0003, 0.0003, 0.0003] 
[0.0003, 0.0003, 0.0003] 
[0.00024580727311451257, 0.0002322506027527695, 0.0003] 
[0.0003, 0.0003, 0.0003] 
[0.0003, 0.0003, 0.0003] 
[0.0003, 0.0003, 0.0003] 
[0.0003, 0.00027813690658377784, 0.0003] 
[0.0003, 0.0003, 0.0003] 
[0.0003, 0.0003, 0.0003] 
[0.0003, 0.00029083127807004683, 0.0003] 
[0.0002648190661128585, 0.00029083127807004683, 0.0003] 
[0.0003, 0.0003, 0.0003] 
[0.0003, 0.0003, 0.0003] 
[0.0003, 0.0003, 0.0003] 
[0.0003, 0.0003, 0.0003] 
[0.0003, 0.0003, 0.0003] 
[0.0003, 0.0003, 0.0003] 
[0.0003, 0.0003, 0.0003] 
[0.00025414932723050605, 0.0003, 0.0002595509411768419] 
[0.0003, 0.0003, 0.0003] 
[0.0003, 0.0003, 0.0003] 
[0.0003, 0.0003, 0.0003] 
[0.0003, 0.0003, 0.0003] 
[0.0003, 0.0003, 0.0003] 
[0.0003, 0.0003, 0.0003] 
[0.00026510011531716564, 0.0003, 0.0003] 
[0.00027776681466676334, 0.0003, 0.0003] 
[0.0003, 0.0003, 0.0003] 
[0.0003, 0.0003, 0.0003] 
[0.0003, 0.0003, 0.0003] 
[0.0003, 0.0003, 0.0003] 
[0.0003, 0.0002348441115411055, 0.0003] 
[0.0003, 0.0003, 0.0003] 
[0.0003, 0.0003, 0.00025743853313254654] 
[0.0003, 0.0003, 0.0003] 
[0.0003, 0.0003, 0.0003] 
[0.0003, 0.0002809237566597237, 0.0003] 
[0.0003, 0.0003, 0.0003] 
[0.0003, 0.0003, 0.0003] 
[0.0003, 0.0003, 0.0003] 
[0.0002575967752689536, 0.0003, 0.0003] 
[0.0003, 0.0003, 0.0003] 
[0.0003, 0.00027264673058257353, 0.0003] 
[0.0003, 0.0003, 0.0003] 
[0.0003, 0.0003, 0.0003] 
[0.0003, 0.0003, 0.00025516962775722757] 
[0.0003, 0.0003, 0.0003] 
[0.0003, 0.0003, 0.0003] 
[0.0003, 0.0003, 0.0003] 
[0.0003, 0.0003, 0.0003] 
[0.0003, 0.0002646626088058979, 0.0003] 
[0.0003, 0.0003, 0.0003] 
[0.0002442182187143081, 0.0003, 0.0003] 
[0.0003, 0.0003, 0.0003] 
[0.0003, 0.0003, 0.0003] 
[0.0003, 0.0003, 0.0003] 
[0.0003, 0.0003, 0.0003] 
[0.0003, 0.0003, 0.0002293730874502352] 
[0.0003, 0.0003, 0.0003] 
[0.000272264213415728, 0.0003, 0.0003] 
[0.0003, 0.0003, 0.0003] 
[0.0003, 0.0003, 0.0003] 
[0.0003, 0.0003, 0.0003] 
[0.0003, 0.0003, 0.0003] 
[0.0003, 0.0003, 0.0003] 
[0.0003, 0.0003, 0.0003] 
[0.0003, 0.0003, 0.000246937653650473] 
[0.00025647231600858415, 0.00025246548654170244, 0.000246937653650473] 
[0.0003, 0.0003, 0.0003] 
[0.0003, 0.0003, 0.0003] 
[0.0003, 0.0003, 0.0003] 
[0.0003, 0.0003, 0.0003] 
[0.00027801531040269926, 0.0003, 0.0003] 
[0.0003, 0.0003, 0.0003] 
[0.0003, 0.0003, 0.0003] 
[0.0003, 0.0003, 0.0003] 
[0.0003, 0.0003, 0.0003] 
[0.0003, 0.0003, 0.0003] 
[0.0003, 0.0003, 0.0003] 
[0.0003, 0.0003, 0.0003] 
[0.0003, 0.0003, 0.0003] 
[0.0003, 0.0003, 0.00027786809293612295] 
[0.0003, 0.0003, 0.0003] 
[0.0002711534752012957, 0.0003, 0.0003] 
[0.0003, 0.0003, 0.0003] 
[0.0003, 0.0003, 0.0003] 
[0.0003, 0.00025829912798386014, 0.0003] 
[0.0003, 0.0003, 0.0003] 
[0.00028163856100166864, 0.0003, 0.0003] 
[0.0003, 0.0003, 0.0003] 
[0.0003, 0.0003, 0.0003] 
[0.0003, 0.0003, 0.0003] 
[0.0003, 0.0003, 0.0003] 
[0.0003, 0.0003, 0.0002378011434769421] 
[0.0003, 0.0003, 0.0003] 
[0.0003, 0.0003, 0.0003] 
[0.0002638170801692923, 0.0003, 0.0003] 
[0.0003, 0.0003, 0.0003] 
[0.0003, 0.0003, 0.0003] 
[0.0003, 0.0003, 0.0003] 
[0.0003, 0.0002449633189099473, 0.0003] 
[0.0003, 0.0003, 0.0003] 
[0.0003, 0.0003, 0.0003] 
[0.00026155538925641357, 0.0003, 0.0003] 
[0.0003, 0.0003, 0.0003] 
[0.0003, 0.0003, 0.0003] 
[0.0003, 0.0003, 0.0003] 
[0.0003, 0.0003, 0.00026559170128588676] 
[0.0003, 0.0003, 0.0003] 
[0.0003, 0.0002559039803598028, 0.0003] 
[0.0003, 0.0003, 0.0003] 
[0.0003, 0.0003, 0.0003] 
[0.0003, 0.0003, 0.0003] 
[0.000258023871885891, 0.0003, 0.0003] 
[0.0003, 0.0003, 0.0003] 
[0.0003, 0.0003, 0.0003] 
[0.0003, 0.0003, 0.0003] 
[0.0003, 0.0003, 0.0003] 
[0.0003, 0.0003, 0.0003] 
[0.0003, 0.0003, 0.0003] 
[0.00027285237845422875, 0.0003, 0.00022582807149793783] 
[0.0003, 0.0003, 0.0003] 
[0.0003, 0.0003, 0.0003] 
[0.0003, 0.0002723059537198255, 0.0003] 
[0.0003, 0.0003, 0.0003] 
[0.0003, 0.0003, 0.0003] 
[0.0003, 0.0003, 0.0003] 
[0.0003, 0.0003, 0.0003] 
[0.0003, 0.0002725116952475569, 0.0003] 
[0.0003, 0.0003, 0.0003] 
[0.0003, 0.0003, 0.0003] 
[0.00026899479556480126, 0.0002506702845404977, 0.0003] 
[0.0003, 0.0003, 0.0003] 
[0.0003, 0.0003, 0.0003] 
[0.0003, 0.0003, 0.0003] 
[0.0003, 0.0003, 0.0002771489425073795] 
[0.0003, 0.0003, 0.0003] 
[0.0003, 0.0003, 0.0003] 
[0.0003, 0.0002664192224175877, 0.0003] 
[0.0003, 0.0003, 0.0003] 
[0.0002797261778266054, 0.0003, 0.0003] 
[0.0003, 0.0003, 0.0003] 
[0.0003, 0.0003, 0.0003] 
[0.0003, 0.0003, 0.0003] 
[0.0003, 0.0003, 0.0003] 
[0.0003, 0.0003, 0.0003] 
[0.0003, 0.0003, 0.0003] 
[0.0003, 0.0003, 0.0003] 
[0.00028670448978862707, 0.0003, 0.0003] 
[0.0003, 0.0003, 0.0003] 
[0.0003, 0.0003, 0.0003] 
[0.0003, 0.0003, 0.0003] 
[0.0003, 0.0003, 0.0003] 
[0.0003, 0.0003, 0.0003] 
[0.0003, 0.0003, 0.0003] 
[0.0003, 0.0003, 0.0003] 
[0.0003, 0.0003, 0.0003] 
[0.0003, 0.0003, 0.0003] 
[0.0003, 0.0003, 0.00027463608385061295] 
[0.0003, 0.0002716782869983345, 0.00019684540325579433] 
[0.0003, 0.0003, 0.0003] 
[0.0003, 0.0003, 0.0003] 
[0.00024684068784879514, 0.0003, 0.0003] 
[0.0003, 0.0003, 0.0003] 
[0.0003, 0.0003, 0.0003] 
[0.0003, 0.0003, 0.0003] 
[0.0003, 0.00028543789208043235, 0.0003] 
[0.0003, 0.0003, 0.0003] 
[0.0003, 0.0003, 0.0003] 
[0.0003, 0.0003, 0.0003] 
[0.0003, 0.0003, 0.0003] 
[0.0003, 0.0003, 0.0003] 
[0.0003, 0.0003, 0.0003] 
[0.0003, 0.0002730248997589716, 0.0003] 
[0.0003, 0.0003, 0.0003] 
[0.0003, 0.0003, 0.00025348636881082653] 
[0.0003, 0.0003, 0.0003] 
[0.0002472865533205207, 0.0003, 0.0003] 
[0.0003, 0.0003, 0.0003] 
[0.0003, 0.0003, 0.0003] 
[0.0003, 0.0003, 0.0003] 
[0.0003, 0.0002663680928208307, 0.0003] 
[0.0003, 0.0003, 0.0003] 
[0.0003, 0.0003, 0.0002610389255067071] 
[0.0003, 0.0003, 0.00026861371181318886] 
[0.0003, 0.0003, 0.0003] 
[0.0003, 0.0003, 0.0003] 
[0.00024747358915056395, 0.0003, 0.0003] 
[0.0003, 0.0003, 0.0003] 
[0.0003, 0.0003, 0.0003] 
[0.0003, 0.0003, 0.0003] 
[0.0003, 0.000255807820492124, 0.0003] 
[0.0003, 0.0003, 0.0003] 
[0.0003, 0.0003, 0.0003] 
[0.0002719631892794077, 0.0003, 0.0003] 
[0.0003, 0.0003, 0.0003] 
[0.0003, 0.0003, 0.0002578554756475032] 
[0.0003, 0.0003, 0.0003] 
[0.0003, 0.0003, 0.0003] 
[0.0003, 0.0003, 0.0003] 
[0.0003, 0.0003, 0.0003] 
[0.0003, 0.0003, 0.0003] 
[0.0003, 0.0003, 0.0003] 
[0.000279016528090224, 0.0003, 0.0003] 
[0.0003, 0.0003, 0.0003] 
[0.0003, 0.0003, 0.0003] 
[0.0003, 0.0003, 0.0003] 
[0.0003, 0.00024605757726904555, 0.0003] 
[0.0003, 0.0003, 0.0003] 
[0.0003, 0.0003, 0.0003] 
[0.0003, 0.0003, 0.00023936446214254173] 
[0.0003, 0.0003, 0.0003] 
[0.00025191064839547435, 0.0003, 0.0003] 
[0.0003, 0.0003, 0.0003] 
[0.0003, 0.0003, 0.0003] 
[0.0003, 0.00025706819389047117, 0.0003] 
[0.0003, 0.0003, 0.0003] 
[0.0003, 0.0003, 0.0003] 
[0.0003, 0.0003, 0.0003] 
[0.0003, 0.0003, 0.0003] 
[0.0003, 0.0002776490427712092, 0.0003] 
[0.0003, 0.0003, 0.0003] 
[0.0003, 0.0003, 0.0003] 
[0.0003, 0.0003, 0.0003] 
[0.0003, 0.0003, 0.0003] 
[0.0003, 0.0003, 0.0003] 
[0.0003, 0.0003, 0.0003] 
[0.0002633095129898155, 0.0003, 0.0003] 
[0.0003, 0.0003, 0.0003] 
[0.0003, 0.0003, 0.0003] 
[0.0003, 0.0003, 0.00015446136042230392] 
[0.0003, 0.0003, 0.0003] 
[0.0003, 0.0003, 0.0003] 
[0.0003, 0.0003, 0.0003] 
[0.0003, 0.0003, 0.0003] 
[0.0003, 0.0003, 0.0003] 
[0.00027486541377260505, 0.0003, 0.0003] 
[0.0003, 0.0003, 0.0003] 
[0.0003, 0.0003, 0.0003] 
[0.0003, 0.0003, 0.0003] 
[0.0003, 0.0003, 0.0003] 
[0.0003, 0.0003, 0.0003] 
[0.0003, 0.0003, 0.0003] 
[0.0003, 0.0003, 0.0003] 
[0.0003, 0.0003, 0.0003] 
[0.00026502100776021375, 0.0003, 0.0003] 
[0.0003, 0.0003, 0.0003] 
[0.0003, 0.0002642720236209751, 0.0003] 
[0.0003, 0.0003, 0.0003] 
[0.0003, 0.0003, 0.0003] 
[0.0003, 0.0003, 0.0003] 
[0.0003, 0.0003, 0.0003] 
[0.0003, 0.0003, 0.00017649869948304525] 
[0.0003, 0.0003, 0.0003] 
[0.0003, 0.0003, 0.0003] 
[0.00024457460866887475, 0.0003, 0.0003] 
[0.0003, 0.0003, 0.0003] 
[0.0003, 0.0003, 0.0003] 
[0.0003, 0.0003, 0.0003] 
[0.0003, 0.0003, 0.0003] 
[0.0003, 0.0003, 0.0003] 
[0.0003, 0.0003, 0.0003] 
[0.0003, 0.0003, 0.0003] 
[0.0003, 0.0003, 0.0003] 
[0.00027236365164157465, 0.0003, 0.0003] 
[0.00027236365164157465, 0.00024484459453905143, 0.0003] 
[0.0003, 0.0003, 0.0003] 
[0.0003, 0.0003, 0.0002788438682238496] 
[0.0003, 0.0003, 0.0003] 
[0.00027324623006727154, 0.0003, 0.0003] 
[0.0003, 0.0003, 0.0003] 
[0.0003, 0.0003, 0.0003] 
[0.0003, 0.0003, 0.0003] 
[0.0003, 0.0003, 0.0003] 
[0.0003, 0.0003, 0.0002714991020681438] 
[0.0003, 0.0003, 0.0003] 
[0.0003, 0.0003, 0.0003] 
[0.0003, 0.0003, 0.0003] 
[0.00025358728269830346, 0.0003, 0.0003] 
[0.0003, 0.0003, 0.0003] 
[0.0003, 0.00024229161276100324, 0.0003] 
[0.0003, 0.0003, 0.0003] 
[0.0003, 0.0003, 0.0003] 
[0.0003, 0.0003, 0.0003] 
[0.00027752308417178934, 0.0003, 0.0003] 
[0.0003, 0.0003, 0.0003] 
[0.0003, 0.0003, 0.0003] 
[0.0003, 0.0003, 0.00026631874682324347] 
[0.0003, 0.0003, 0.0003] 
[0.0003, 0.0003, 0.0003] 
[0.0003, 0.0003, 0.0003] 
[0.0003, 0.0003, 0.0003] 
[0.0003, 0.0003, 0.0003] 
[0.0002612179521574822, 0.0003, 0.0003] 
[0.00029229157775241657, 0.0003, 0.0003] 
[0.0003, 0.0003, 0.0003] 
[0.0003, 0.0003, 0.0003] 
[0.0003, 0.0003, 0.0003] 
[0.0003, 0.00025857816912661547, 0.0003] 
[0.0003, 0.0003, 0.0003] 
[0.0003, 0.0003, 0.0003] 
[0.0003, 0.0003, 0.0003] 
[0.0003, 0.0003, 0.0003] 
[0.0003, 0.0003, 0.0003] 
[0.0003, 0.0003, 0.0003] 
[0.0003, 0.0003, 0.0003] 
[0.0003, 0.0003, 0.0003] 
[0.00023775897885137406, 0.0003, 0.000214371326356701] 
[0.0003, 0.0003, 0.0003] 
[0.0003, 0.0002313088100611621, 0.0003] 
[0.0003, 0.0003, 0.0003] 
[0.00029037665841185527, 0.0003, 0.0003] 
[0.0003, 0.0003, 0.0003] 
[0.0003, 0.0003, 0.0003] 
[0.0003, 0.0003, 0.0003] 
[0.0003, 0.0002689063179789498, 0.0003] 
[0.0003, 0.0003, 0.0003] 
[0.0003, 0.0003, 0.0003] 
[0.0003, 0.0003, 0.0003] 
[0.0003, 0.0003, 0.0002693347891363683] 
[0.000279136408117914, 0.0003, 0.0002693347891363683] 
[0.0003, 0.0003, 0.0003] 
[0.0003, 0.0003, 0.0003] 
[0.0003, 0.0003, 0.0003] 
[0.0003, 0.0003, 0.0003] 
[0.0003, 0.0003, 0.0003] 
[0.0003, 0.0002750450113409592, 0.0003] 
[0.0003, 0.0003, 0.0003] 
[0.00026577506196245556, 0.0003, 0.0003] 
[0.0003, 0.0003, 0.0003] 
[0.0003, 0.0003, 0.0003] 
[0.0003, 0.0003, 0.0003] 
[0.0003, 0.0003, 0.00027619526715340706] 
[0.0003, 0.0003, 0.0003] 
[0.0003, 0.0002680181048870441, 0.0003] 
[0.0003, 0.00029149805376035197, 0.0003] 
[0.0003, 0.0003, 0.0003] 
[0.0003, 0.0003, 0.0003] 
[0.0003, 0.0003, 0.0003] 
[0.00026077389462856264, 0.0003, 0.0003] 
[0.0003, 0.0003, 0.0003] 
[0.0003, 0.0003, 0.0003] 
[0.0003, 0.0003, 0.0003] 
[0.0003, 0.0003, 0.0002639556735467419] 
[0.0003, 0.0003, 0.0003] 
[0.0003, 0.0003, 0.0003] 
[0.0003, 0.0003, 0.0003] 
[0.0003, 0.0003, 0.0003] 
[0.0003, 0.00021839407517135255, 0.0003] 
[0.0003, 0.0003, 0.0003] 
[0.0002578179351245294, 0.0003, 0.0003] 
[0.0003, 0.0003, 0.0003] 
[0.0003, 0.0003, 0.0002667250849728982] 
[0.0003, 0.0003, 0.0003] 
[0.0003, 0.0003, 0.0003] 
[0.0003, 0.0003, 0.0003] 
[0.0002824522070123455, 0.0003, 0.0003] 
[0.0003, 0.0003, 0.0003] 
[0.0003, 0.0003, 0.0003] 
[0.0003, 0.0002557779687299997, 0.0003] 
[0.0003, 0.0003, 0.0003] 
[0.0003, 0.0003, 0.0003] 
[0.0003, 0.0003, 0.0003] 
[0.0003, 0.0003, 0.0003] 
[0.0003, 0.0003, 0.0003] 
[0.0003, 0.0003, 0.0003] 
[0.0003, 0.0003, 0.0003] 
[0.0002787504235528636, 0.0003, 0.00024353163581972276] 
[0.0003, 0.0003, 0.0003] 
[0.0003, 0.0003, 0.0003] 
[0.0003, 0.00026450994088420893, 0.0003] 
[0.0003, 0.0003, 0.0003] 
[0.0003, 0.0003, 0.0003] 
[0.0003, 0.0003, 0.0003] 
[0.0003, 0.0003, 0.0003] 
[0.0003, 0.0003, 0.0003] 
[0.0003, 0.0003, 0.0003] 
[0.0003, 0.0003, 0.00024533849565125935] 
[0.0003, 0.0003, 0.0003] 
[0.0003, 0.0003, 0.0003] 
[0.0002599782936632697, 0.0003, 0.0003] 
[0.0003, 0.0003, 0.0003] 
[0.0003, 0.0003, 0.0003] 
[0.0003, 0.0003, 0.0003] 
[0.0003, 0.0003, 0.0003] 
[0.00028056970274603263, 0.0003, 0.0003] 
[0.0003, 0.0003, 0.0003] 
[0.0003, 0.0003, 0.0003] 
[0.0003, 0.0003, 0.0002724515113962552] 
[0.0003, 0.0003, 0.0003] 
[0.0003, 0.0002836647686384605, 0.0003] 
[0.0003, 0.0003, 0.0003] 
[0.0003, 0.0003, 0.0003] 
[0.0003, 0.0003, 0.0003] 
[0.0003, 0.0003, 0.0003] 
[0.0003, 0.0003, 0.0003] 
[0.0003, 0.0003, 0.0003] 
[0.0003, 0.0003, 0.0003] 
[0.0003, 0.0003, 0.0003] 
[0.0002271213917820594, 0.0003, 0.0003] 
[0.0003, 0.0003, 0.0003] 
[0.0003, 0.0003, 0.0003] 
[0.0003, 0.0003, 0.00021436977115916697] 
[0.0003, 0.0003, 0.0003] 
[0.0003, 0.0003, 0.0003] 
[0.00027220931321087454, 0.0003, 0.0003] 
[0.0003, 0.0003, 0.0003] 
[0.0003, 0.00024358034512460367, 0.0003] 
[0.0003, 0.0003, 0.0003] 
[0.0003, 0.0003, 0.0003] 
[0.0003, 0.0003, 0.0003] 
[0.0003, 0.0003, 0.0003] 
[0.0003, 0.0003, 0.0002812060571527986] 
[0.0003, 0.0003, 0.0003] 
[0.0003, 0.0003, 0.0003] 
[0.000255075385672995, 0.0003, 0.0003] 
[0.0003, 0.0003, 0.0003] 
[0.0003, 0.0003, 0.0003] 
[0.0003, 0.0003, 0.0003] 
[0.0003, 0.0003, 0.0003] 
[0.0003, 0.00021793766975343308, 0.0003] 
[0.0003, 0.0003, 0.0003] 
[0.00027384031206685236, 0.0003, 0.00023990786100457065] 
[0.0003, 0.0003, 0.00029375894239502695] 
[0.0003, 0.0003, 0.0003] 
[0.0003, 0.0003, 0.0003] 
[0.0003, 0.0003, 0.0003] 
[0.0003, 0.0003, 0.0003] 
[0.00028555543196885993, 0.0003, 0.0003] 
[0.00028555543196885993, 0.00027379053874630526, 0.0003] 
[0.0003, 0.0003, 0.0003] 
[0.0003, 0.0003, 0.0003] 
[0.0003, 0.0003, 0.0003] 
[0.0003, 0.0003, 0.0003] 
[0.0003, 0.0003, 0.0003] 
[0.0003, 0.0003, 0.00023733474939639345] 
[0.0003, 0.0003, 0.0003] 
[0.0003, 0.0003, 0.0003] 
[0.0003, 0.0003, 0.0003] 
[0.0003, 0.0003, 0.0003] 
[0.0002887285585137043, 0.0003, 0.0003] 
[0.0003, 0.0003, 0.0003] 
[0.0003, 0.0003, 0.0003] 
[0.0003, 0.0003, 0.0003] 
[0.0003, 0.0003, 0.0003] 
[0.0003, 0.0003, 0.0003] 
[0.0003, 0.00021723615039629393, 0.0003] 
[0.0003, 0.0003, 0.0003] 
[0.0003, 0.0003, 0.0003] 
[0.0003, 0.0003, 0.0003] 
[0.0003, 0.0003, 0.0003] 
[0.0002723683509036183, 0.0003, 0.0003] 
[0.0003, 0.0003, 0.0003] 
[0.0003, 0.0003, 0.0002719872787583141] 
[0.0003, 0.0003, 0.0003] 
[0.0003, 0.00026367313310528176, 0.0003] 
[0.0003, 0.0003, 0.0003] 
[0.0003, 0.0003, 0.0003] 
[0.0003, 0.0003, 0.0003] 
[0.0003, 0.0003, 0.0003] 
[0.00027640629402189123, 0.0003, 0.0003] 
[0.0003, 0.0003, 0.0003] 
[0.0003, 0.0003, 0.0003] 
[0.0003, 0.0003, 0.0003] 
[0.0003, 0.0003, 0.0003] 
[0.00028041433572931234, 0.0003, 0.0003] 
[0.0003, 0.0003, 0.0003] 
[0.0003, 0.0003, 0.0003] 
[0.0003, 0.0003, 0.0003] 
[0.0003, 0.0003, 0.0003] 
[0.0003, 0.0003, 0.0003] 
[0.0003, 0.00024535365180813456, 0.0003] 
[0.0003, 0.0003, 0.0003] 
[0.0003, 0.0003, 0.0003] 
[0.00026317537588930876, 0.0003, 0.00022683570339768406] 
[0.0003, 0.0003, 0.0003] 
[0.0003, 0.0002743040011531712, 0.0003] 
[0.0003, 0.0003, 0.0003] 
[0.0003, 0.0003, 0.0003] 
[0.0002788567132683205, 0.0003, 0.0003] 
[0.0003, 0.0003, 0.0003] 
[0.0003, 0.0003, 0.0003] 
[0.0003, 0.00026930017003518796, 0.0003] 
[0.0003, 0.0003, 0.0003] 
[0.0003, 0.0003, 0.000249327291583885] 
[0.0003, 0.0003, 0.0003] 
[0.0003, 0.0003, 0.0003] 
[0.0003, 0.0003, 0.0003] 
[0.0002542617416835096, 0.0003, 0.0003] 
[0.0003, 0.0003, 0.0003] 
[0.0003, 0.0002647283519928205, 0.0003] 
[0.0003, 0.0003, 0.0003] 
[0.0003, 0.0003, 0.0003] 
[0.0003, 0.0003, 0.0003] 
[0.0003, 0.0003, 0.0003] 
[0.0003, 0.0003, 0.0003] 
[0.0003, 0.0003, 0.0003] 
[0.00024877966201492755, 0.0003, 0.0003] 
[0.0003, 0.0003, 0.0003] 
[0.00026281372646650553, 0.0003, 0.00023580749228750643] 
[0.0003, 0.0003, 0.0003] 
[0.0003, 0.00026863605033675494, 0.0003] 
[0.0003, 0.0003, 0.0003] 
[0.00028464054756578835, 0.0003, 0.0003] 
[0.0003, 0.0003, 0.0003] 
[0.0003, 0.0003, 0.0003] 
[0.0003, 0.0003, 0.0003] 
[0.0003, 0.0002747035413662437, 0.0003] 
[0.0003, 0.0003, 0.0003] 
[0.0003, 0.0003, 0.0003] 
[0.0003, 0.0003, 0.00028144186880513494] 
[0.0003, 0.0003, 0.0003] 
[0.0003, 0.00027633634335673575, 0.0003] 
[0.0003, 0.0003, 0.0003] 
[0.0003, 0.0003, 0.0003] 
[0.00026313062075852557, 0.0003, 0.0003] 
[0.0003, 0.0003, 0.0003] 
[0.0003, 0.0003, 0.0003] 
[0.0003, 0.0003, 0.0003] 
[0.0003, 0.0003, 0.0003] 
[0.0003, 0.0003, 0.0003] 
[0.0003, 0.0003, 0.0003] 
[0.0003, 0.0003, 0.0003] 
[0.0003, 0.0003, 0.0003] 
[0.0003, 0.0003, 0.0003] 
[0.0003, 0.00026726373250319575, 0.0003] 
[0.0003, 0.0003, 0.0003] 
[0.0003, 0.0003, 0.0003] 
[0.00020804003239799018, 0.0003, 0.000216827669390145] 
[0.0003, 0.0003, 0.0003] 
[0.0003, 0.0003, 0.0003] 
[0.0003, 0.0003, 0.0003] 
[0.0003, 0.0003, 0.0003] 
[0.0003, 0.0002730841779149494, 0.0003] 
[0.0003, 0.0003, 0.0003] 
[0.0003, 0.0003, 0.0003] 
[0.0003, 0.0003, 0.0002539203647107595] 
[0.0003, 0.0003, 0.0003] 
[0.0003, 0.00027328418301055543, 0.0003] 
[0.0003, 0.0003, 0.0003] 
[0.0003, 0.0003, 0.0003] 
[0.0002832333918077976, 0.0003, 0.0003] 
[0.0003, 0.0003, 0.0003] 
[0.0003, 0.0003, 0.0003] 
[0.0003, 0.00026591321924885, 0.0003] 
[0.0003, 0.0003, 0.0003] 
[0.0003, 0.0003, 0.0003] 
[0.0003, 0.0003, 0.0003] 
[0.0003, 0.0003, 0.0003] 
[0.0003, 0.0003, 0.0003] 
[0.0003, 0.0003, 0.0003] 
[0.0003, 0.00027618658773546727, 0.0003] 
[0.0003, 0.0003, 0.0003] 
[0.0003, 0.0003, 0.0003] 
[0.0002496255883094658, 0.0003, 0.0003] 
[0.0003, 0.0003, 0.0003] 
[0.0003, 0.0002739551385416196, 0.0003] 
[0.0003, 0.0003, 0.0003] 
[0.0003, 0.0003, 0.0003] 
[0.0003, 0.0003, 0.00025689254431920195] 
[0.0003, 0.0003, 0.0003] 
[0.0003, 0.0003, 0.0003] 
[0.0003, 0.0003, 0.0003] 
[0.0003, 0.0003, 0.00028259836201668844] 
[0.0003, 0.0003, 0.0003] 
[0.0003, 0.0003, 0.0003] 
[0.0003, 0.0003, 0.0003] 
[0.0003, 0.0003, 0.0003] 
[0.00028346392400993955, 0.0003, 0.0003] 
[0.0003, 0.0003, 0.0003] 
[0.0003, 0.0003, 0.0003] 
[0.0003, 0.0003, 0.0003] 
[0.0003, 0.0003, 0.0003] 
[0.0003, 0.0003, 0.0003] 
[0.0003, 0.0003, 0.0003] 
[0.0003, 0.0003, 0.0002597533007109183] 
[0.0003, 0.0003, 0.0003] 
[0.0003, 0.00015396958595369572, 0.0003] 
[0.0003, 0.0003, 0.0003] 
[0.0003, 0.0003, 0.0003] 
[0.00023910834596401658, 0.0003, 0.0003] 
[0.0003, 0.0003, 0.0003] 
[0.0003, 0.0003, 0.0003] 
[0.0002838217971098714, 0.0003, 0.0003] 
[0.0003, 0.0003, 0.0003] 
[0.0003, 0.0003, 0.0003] 
[0.0003, 0.0002620679632227205, 0.0003] 
[0.0003, 0.0003, 0.0003] 
[0.0003, 0.0003, 0.0003] 
[0.0003, 0.0003, 0.0003] 
[0.0003, 0.0003, 0.0003] 
[0.0003, 0.0003, 0.0003] 
[0.0003, 0.0003, 0.0003] 
[0.0003, 0.0003, 0.0003] 
[0.0003, 0.0003, 0.0003] 
[0.0002599718363662018, 0.0003, 0.0002524963906948503] 
[0.0003, 0.0003, 0.0003] 
[0.0003, 0.00024093621372117566, 0.0003] 
[0.0003, 0.0003, 0.0003] 
[0.0003, 0.0003, 0.0003] 
[0.0003, 0.0003, 0.0003] 
[0.0003, 0.0003, 0.0003] 
[0.0003, 0.0003, 0.0003] 
[0.0003, 0.0003, 0.0002769388216292368] 
[0.0003, 0.0003, 0.0003] 
[0.0002566253849995142, 0.0003, 0.0003] 
[0.0003, 0.0003, 0.0003] 
[0.0003, 0.0003, 0.0003] 
[0.0003, 0.00024833203048663533, 0.0003] 
[0.0003, 0.0003, 0.0003] 
[0.0003, 0.0003, 0.0003] 
[0.0003, 0.0003, 0.0003] 
[0.0003, 0.0003, 0.0003] 
[0.0003, 0.0003, 0.0003] 
[0.0002607614373490316, 0.0003, 0.0003] 
[0.0003, 0.0003, 0.0003] 
[0.0003, 0.0003, 0.0003] 
[0.0003, 0.0003, 0.0003] 
[0.0003, 0.0003, 0.0003] 
[0.0003, 0.0003, 0.0002241471944618216] 
[0.0003, 0.0003, 0.0003] 
[0.0003, 0.0003, 0.0003] 
[0.0003, 0.0003, 0.0003] 
[0.0003, 0.0003, 0.0003] 
[0.0003, 0.0003, 0.0003] 
[0.0003, 0.0003, 0.0003] 
[0.0003, 0.0003, 0.0003] 
[0.0003, 0.0003, 0.0003] 
[0.0003, 0.0003, 0.0003] 
[0.00024103345525288393, 0.0003, 0.0003] 
[0.0003, 0.0003, 0.0003] 
[0.0003, 0.0003, 0.0003] 
[0.0003, 0.0003, 0.0003] 
[0.0003, 0.00021515763148378025, 0.0002473336435727628] 
[0.0003, 0.0003, 0.0003] 
[0.0003, 0.0003, 0.0003] 
[0.0003, 0.0003, 0.0003] 
[0.0003, 0.0003, 0.0003] 
[0.00024594113294003524, 0.0003, 0.0003] 
[0.0003, 0.0003, 0.0003] 
[0.0003, 0.0003, 0.0002721816072856653] 
[0.0003, 0.0003, 0.0003] 
[0.0003, 0.0003, 0.0003] 
[0.0003, 0.0003, 0.0003] 
[0.0003, 0.0003, 0.0003] 
[0.0003, 0.0003, 0.0003] 
[0.0003, 0.0003, 0.0003] 
[0.0003, 0.0003, 0.0003] 
[0.0003, 0.00023027812829855615, 0.0003] 
[0.0003, 0.0003, 0.0003] 
[0.00022743984779645453, 0.0003, 0.0003] 
[0.00022743984779645453, 0.0003, 0.00028790225272556686] 
[0.0003, 0.0003, 0.0003] 
[0.0003, 0.0003, 0.0003] 
[0.0003, 0.00027495274391478857, 0.0003] 
[0.0003, 0.0003, 0.0003] 
[0.0003, 0.0003, 0.0003] 
[0.0003, 0.0003, 0.0003] 
[0.00026472913000172434, 0.0003, 0.0003] 
[0.0003, 0.0003, 0.0003] 
[0.0003, 0.0003, 0.0003] 
[0.0003, 0.0003, 0.0003] 
[0.0003, 0.0002535187468159548, 0.0003] 
[0.0003, 0.0003, 0.0003] 
[0.0003, 0.0003, 0.0003] 
[0.00026612606557979246, 0.0003, 0.0003] 
[0.0003, 0.0003, 0.0003] 
[0.0003, 0.0003, 0.0002717352737369493] 
[0.0003, 0.0003, 0.0003] 
[0.0003, 0.0003, 0.0003] 
[0.0003, 0.0003, 0.0003] 
[0.0003, 0.0003, 0.0003] 
[0.0003, 0.00026426194129935916, 0.0003] 
[0.0003, 0.0003, 0.0003] 
[0.0003, 0.0003, 0.0003] 
[0.0003, 0.0003, 0.0003] 
[0.0003, 0.0003, 0.0003] 
[0.0003, 0.0003, 0.00027362870177095877] 
[0.0003, 0.0003, 0.0003] 
[0.0002409743236578678, 0.0003, 0.0003] 
[0.0003, 0.0003, 0.0003] 
[0.0003, 0.00026626743396344763, 0.0003] 
[0.0003, 0.0003, 0.0003] 
[0.0003, 0.0003, 0.0003] 
[0.0003, 0.0003, 0.0003] 
[0.0003, 0.0003, 0.0002563159737084648] 
[0.0003, 0.0003, 0.0003] 
[0.0003, 0.0003, 0.0003] 
[0.0003, 0.0003, 0.0003] 
[0.0003, 0.0003, 0.0003] 
[0.000262089339629139, 0.0003, 0.0003] 
[0.0003, 0.0003, 0.0003] 
[0.0003, 0.0003, 0.0003] 
[0.0003, 0.0003, 0.0003] 
[0.0003, 0.0003, 0.0003] 
[0.0003, 0.0003, 0.0003] 
[0.0003, 0.0003, 0.0003] 
[0.0003, 0.00024242075273309021, 0.0003] 
[0.0003, 0.0003, 0.0003] 
[0.0003, 0.0003, 0.0003] 
[0.0003, 0.0003, 0.0003] 
[0.00024129227044573538, 0.0003, 0.0003] 
[0.0003, 0.0003, 0.0003] 
[0.0003, 0.0003, 0.0003] 
[0.0003, 0.0002715986703632594, 0.0003] 
[0.0003, 0.0003, 0.0003] 
[0.0003, 0.0003, 0.0003] 
[0.0002722519570951022, 0.0003, 0.0003] 
[0.0003, 0.0003, 0.0003] 
[0.0003, 0.0003, 0.0003] 
[0.0003, 0.0003, 0.0003] 
[0.0003, 0.0003, 0.00018148610798845617] 
[0.0003, 0.0003, 0.0003] 
[0.0003, 0.0003, 0.0003] 
[0.00028317051673556787, 0.0003, 0.0003] 
[0.0003, 0.0003, 0.0003] 
[0.0003, 0.0002519188091928886, 0.0003] 
[0.0003, 0.0003, 0.0003] 
[0.0003, 0.0003, 0.0003] 
[0.0003, 0.0003, 0.0003] 
[0.00028227585917567637, 0.0003, 0.0003] 
[0.0003, 0.0003, 0.0003] 
[0.0003, 0.0003, 0.0003] 
[0.0003, 0.0003, 0.0003] 
[0.0003, 0.0003, 0.0003] 
[0.0003, 0.00024870698760896836, 0.0003] 
[0.0003, 0.0003, 0.0003] 
[0.0002612683000636516, 0.0003, 0.0003] 
[0.0003, 0.0003, 0.0003] 
[0.0003, 0.0003, 0.0003] 
[0.0003, 0.0003, 0.0003] 
[0.0003, 0.0003, 0.00027940466576267787] 
