[2, 2, 2] 
[1, 3, 3] 
[2, 1, 4] 
[3, 2, 1] 
[1, 3, 2] 
[2, 1, 3] 
[3, 2, 4] 
[4, 3, 5] 
[1, 4, 6] 
[2, 1, 7] 
[3, 2, 1] 
[1, 3, 2] 
[2, 1, 3] 
[3, 2, 1] 
[1, 3, 2] 
[2, 1, 3] 
[3, 2, 4] 
[4, 3, 5] 
[1, 4, 6] 
[2, 1, 7] 
[3, 2, 1] 
[1, 3, 2] 
[2, 1, 3] 
[3, 2, 1] 
[1, 3, 2] 
[2, 1, 3] 
[3, 2, 4] 
[4, 3, 5] 
[1, 4, 6] 
[2, 1, 7] 
[3, 2, 1] 
[1, 3, 2] 
[2, 1, 3] 
[3, 2, 1] 
[1, 3, 2] 
[2, 1, 3] 
[3, 2, 1] 
[1, 3, 2] 
[2, 1, 3] 
[3, 2, 1] 
[1, 3, 2] 
[2, 1, 3] 
[3, 2, 1] 
[1, 3, 2] 
[2, 1, 3] 
[3, 2, 1] 
[1, 3, 2] 
[2, 1, 3] 
[3, 2, 1] 
[1, 3, 2] 
[2, 1, 3] 
[3, 2, 1] 
[1, 3, 2] 
[2, 1, 3] 
[3, 2, 1] 
[1, 3, 2] 
[2, 1, 3] 
[3, 2, 1] 
[1, 3, 2] 
[2, 1, 3] 
[3, 2, 1] 
[1, 3, 2] 
[2, 1, 3] 
[3, 2, 1] 
[1, 3, 2] 
[2, 1, 3] 
[3, 2, 1] 
[1, 3, 2] 
[2, 1, 3] 
[3, 2, 1] 
[1, 3, 2] 
[2, 1, 3] 
[3, 2, 1] 
[1, 3, 2] 
[2, 1, 3] 
[3, 2, 1] 
[1, 3, 2] 
[2, 1, 3] 
[3, 2, 1] 
[1, 3, 2] 
[2, 1, 3] 
[3, 2, 1] 
[1, 3, 2] 
[2, 1, 3] 
[3, 2, 1] 
[1, 3, 2] 
[2, 1, 3] 
[3, 2, 1] 
[1, 3, 2] 
[2, 1, 3] 
[3, 2, 1] 
[1, 3, 2] 
[2, 1, 3] 
[3, 2, 1] 
[1, 3, 2] 
[2, 1, 3] 
[3, 2, 1] 
[1, 3, 2] 
[2, 1, 3] 
[3, 2, 1] 
[1, 3, 2] 
[2, 1, 3] 
[3, 2, 1] 
[1, 3, 2] 
[2, 1, 3] 
[3, 2, 1] 
[1, 3, 2] 
[2, 1, 3] 
[3, 2, 1] 
[1, 3, 2] 
[2, 1, 3] 
[3, 2, 1] 
[1, 3, 2] 
[2, 1, 3] 
[3, 2, 1] 
[1, 3, 2] 
[2, 4, 3] 
[3, 5, 1] 
[1, 6, 2] 
[2, 1, 3] 
[3, 2, 1] 
[1, 3, 2] 
[2, 1, 3] 
[3, 2, 1] 
[1, 3, 2] 
[2, 1, 3] 
[3, 2, 1] 
[1, 3, 2] 
[2, 1, 3] 
[3, 2, 1] 
[1, 3, 2] 
[2, 1, 3] 
[3, 2, 1] 
[1, 3, 2] 
[2, 1, 3] 
[3, 2, 1] 
[1, 3, 2] 
[2, 1, 3] 
[3, 2, 1] 
[1, 3, 2] 
[2, 1, 3] 
[3, 2, 1] 
[1, 3, 2] 
[2, 1, 3] 
[3, 2, 1] 
[1, 3, 2] 
[2, 1, 3] 
[3, 2, 1] 
[1, 3, 2] 
[2, 1, 3] 
[3, 2, 1] 
[1, 3, 2] 
[2, 1, 3] 
[3, 2, 1] 
[1, 3, 2] 
[2, 1, 3] 
[3, 2, 1] 
[1, 3, 2] 
[2, 1, 3] 
[3, 2, 1] 
[1, 3, 2] 
[2, 1, 3] 
[3, 2, 1] 
[1, 3, 2] 
[2, 1, 3] 
[3, 2, 1] 
[1, 3, 2] 
[2, 1, 3] 
[3, 2, 1] 
[1, 3, 2] 
[2, 1, 3] 
[3, 2, 1] 
[1, 3, 2] 
[2, 1, 3] 
[3, 2, 1] 
[1, 3, 2] 
[2, 1, 3] 
[3, 2, 1] 
[1, 3, 2] 
[2, 1, 3] 
[3, 2, 1] 
[1, 3, 2] 
[2, 1, 3] 
[3, 2, 1] 
[1, 3, 2] 
[2, 1, 3] 
[3, 2, 1] 
[1, 3, 2] 
[2, 1, 3] 
[3, 2, 1] 
[1, 3, 2] 
[2, 1, 3] 
[3, 2, 1] 
[4, 3, 2] 
[5, 1, 3] 
[6, 2, 1] 
[1, 3, 2] 
[2, 1, 3] 
[3, 2, 1] 
[1, 3, 2] 
[2, 1, 3] 
[3, 2, 1] 
[1, 3, 2] 
[2, 1, 3] 
[3, 2, 1] 
[4, 3, 2] 
[5, 1, 3] 
[6, 2, 1] 
[7, 3, 2] 
[8, 1, 3] 
[9, 2, 1] 
[10, 3, 2] 
[11, 1, 3] 
[12, 2, 1] 
[1, 3, 2] 
[2, 1, 3] 
[3, 2, 1] 
[4, 3, 2] 
[5, 1, 3] 
[6, 2, 1] 
[7, 3, 2] 
[8, 1, 3] 
[9, 2, 1] 
[10, 3, 2] 
[11, 1, 3] 
[12, 2, 1] 
[13, 3, 2] 
[14, 1, 3] 
[15, 2, 1] 
[16, 3, 2] 
[17, 1, 3] 
[18, 2, 1] 
[19, 3, 2] 
[20, 1, 3] 
[21, 2, 1] 
[22, 3, 2] 
[23, 1, 3] 
[24, 2, 1] 
[25, 3, 2] 
[26, 1, 3] 
[27, 2, 1] 
[1, 3, 2] 
[2, 1, 3] 
[3, 2, 1] 
[4, 3, 2] 
[5, 1, 3] 
[6, 2, 1] 
[7, 3, 2] 
[8, 1, 3] 
[9, 2, 4] 
[10, 3, 5] 
[1, 4, 6] 
[2, 1, 7] 
[3, 2, 8] 
[4, 3, 9] 
[1, 4, 10] 
[2, 1, 11] 
[3, 2, 1] 
[1, 3, 2] 
[2, 1, 3] 
[3, 2, 1] 
[1, 3, 2] 
[2, 1, 3] 
[3, 2, 1] 
[1, 3, 2] 
[2, 1, 3] 
[3, 2, 1] 
[1, 3, 2] 
[2, 1, 3] 
[3, 2, 1] 
[1, 3, 2] 
[2, 1, 3] 
[3, 2, 1] 
[1, 3, 2] 
[2, 1, 3] 
[3, 2, 1] 
[1, 3, 2] 
[2, 1, 3] 
[3, 2, 1] 
[1, 3, 2] 
[2, 1, 3] 
[3, 2, 1] 
[1, 3, 2] 
[2, 1, 3] 
[3, 2, 1] 
[1, 3, 2] 
[2, 1, 3] 
[3, 2, 1] 
[1, 3, 2] 
[2, 1, 3] 
[3, 2, 1] 
[1, 3, 2] 
[2, 1, 3] 
[3, 2, 1] 
[1, 3, 2] 
[2, 1, 3] 
[3, 2, 4] 
[4, 3, 5] 
[1, 4, 6] 
[2, 1, 7] 
[3, 2, 1] 
[1, 3, 2] 
[2, 1, 3] 
[3, 2, 1] 
[1, 3, 2] 
[2, 1, 3] 
[3, 2, 1] 
[1, 3, 2] 
[2, 1, 3] 
[3, 2, 1] 
[1, 3, 2] 
[2, 1, 3] 
[3, 2, 1] 
[1, 3, 2] 
[2, 1, 3] 
[3, 2, 1] 
[1, 3, 2] 
[2, 1, 3] 
[3, 2, 1] 
[1, 3, 2] 
[2, 1, 3] 
[3, 2, 1] 
[1, 3, 2] 
[2, 1, 3] 
[3, 2, 1] 
[1, 3, 2] 
[2, 1, 3] 
[3, 2, 1] 
[1, 3, 2] 
[2, 1, 3] 
[3, 2, 4] 
[4, 3, 5] 
[1, 4, 6] 
[2, 1, 7] 
[3, 2, 1] 
[1, 3, 2] 
[2, 1, 3] 
[3, 2, 1] 
[1, 3, 2] 
[2, 1, 3] 
[3, 2, 1] 
[1, 3, 2] 
[2, 1, 3] 
[3, 2, 1] 
[1, 3, 2] 
[2, 1, 3] 
[3, 2, 1] 
[1, 3, 2] 
[2, 1, 3] 
[3, 2, 1] 
[1, 3, 2] 
[2, 1, 3] 
[3, 2, 1] 
[1, 3, 2] 
[2, 1, 3] 
[3, 2, 1] 
[1, 3, 2] 
[2, 1, 3] 
[3, 2, 1] 
[1, 3, 2] 
[2, 1, 3] 
[3, 2, 4] 
[4, 3, 5] 
[1, 4, 6] 
[2, 1, 7] 
[3, 2, 1] 
[1, 3, 2] 
[2, 1, 3] 
[3, 2, 1] 
[1, 3, 2] 
[2, 1, 3] 
[3, 2, 1] 
[1, 3, 2] 
[2, 1, 3] 
[3, 2, 1] 
[1, 3, 2] 
[2, 1, 3] 
[3, 2, 1] 
[1, 3, 2] 
[2, 1, 3] 
[3, 2, 1] 
[1, 3, 2] 
[2, 1, 3] 
[3, 2, 1] 
[1, 3, 2] 
[2, 1, 3] 
[3, 2, 1] 
[1, 3, 2] 
[2, 1, 3] 
[3, 2, 1] 
[1, 3, 2] 
[2, 1, 3] 
[3, 2, 4] 
[4, 3, 5] 
[1, 4, 6] 
[2, 1, 7] 
[3, 2, 1] 
[1, 3, 2] 
[2, 1, 3] 
[3, 2, 1] 
[1, 3, 2] 
[2, 1, 3] 
[3, 2, 1] 
[1, 3, 2] 
[2, 1, 3] 
[3, 2, 1] 
[1, 3, 2] 
[2, 1, 3] 
[3, 2, 4] 
[4, 3, 5] 
[1, 4, 6] 
[2, 1, 7] 
[3, 2, 1] 
[1, 3, 2] 
[2, 1, 3] 
[3, 2, 1] 
[1, 3, 2] 
[2, 1, 3] 
[3, 2, 1] 
[1, 3, 2] 
[2, 1, 3] 
[3, 2, 1] 
[1, 3, 2] 
[2, 1, 3] 
[3, 2, 1] 
[1, 3, 2] 
[2, 1, 3] 
[3, 2, 1] 
[1, 3, 2] 
[2, 1, 3] 
[3, 2, 1] 
[1, 3, 2] 
[2, 1, 3] 
[3, 2, 1] 
[1, 3, 2] 
[2, 1, 3] 
[3, 2, 1] 
[1, 3, 2] 
[2, 1, 3] 
[3, 2, 1] 
[1, 3, 2] 
[2, 1, 3] 
[3, 2, 1] 
[1, 3, 2] 
[2, 1, 3] 
[3, 2, 1] 
[1, 3, 2] 
[2, 1, 3] 
[3, 2, 1] 
[1, 3, 2] 
[2, 1, 3] 
[3, 2, 1] 
[1, 3, 2] 
[2, 1, 3] 
[3, 2, 1] 
[1, 3, 2] 
[2, 1, 3] 
[3, 2, 1] 
[1, 3, 2] 
[2, 1, 3] 
[3, 2, 1] 
[1, 3, 2] 
[2, 1, 3] 
[3, 2, 1] 
[1, 3, 2] 
[2, 1, 3] 
[3, 2, 1] 
[1, 3, 2] 
[2, 1, 3] 
[3, 2, 1] 
[1, 3, 2] 
[2, 1, 3] 
[3, 2, 1] 
[1, 3, 2] 
[2, 1, 3] 
[3, 2, 1] 
[1, 3, 2] 
[2, 1, 3] 
[3, 2, 1] 
[1, 3, 2] 
[2, 1, 3] 
[3, 2, 1] 
[1, 3, 2] 
[2, 1, 3] 
[3, 2, 1] 
[1, 3, 2] 
[2, 1, 3] 
[3, 2, 1] 
[1, 3, 2] 
[2, 1, 3] 
[3, 2, 1] 
[1, 3, 2] 
[2, 1, 3] 
[3, 2, 1] 
[1, 3, 2] 
[2, 1, 3] 
[3, 2, 1] 
[1, 3, 2] 
[2, 1, 3] 
[3, 2, 1] 
[1, 3, 2] 
[2, 1, 3] 
[3, 2, 4] 
[4, 3, 5] 
[1, 4, 6] 
[2, 1, 7] 
[3, 2, 1] 
[1, 3, 2] 
[2, 1, 3] 
[3, 2, 1] 
[1, 3, 2] 
[2, 1, 3] 
[3, 2, 1] 
[1, 3, 2] 
[2, 1, 3] 
[3, 2, 1] 
[1, 3, 2] 
[2, 1, 3] 
[3, 2, 1] 
[1, 3, 2] 
[2, 1, 3] 
[3, 2, 1] 
[1, 3, 2] 
[2, 1, 3] 
[3, 2, 1] 
[1, 3, 2] 
[2, 1, 3] 
[3, 2, 1] 
[1, 3, 2] 
[2, 1, 3] 
[3, 2, 1] 
[1, 3, 2] 
[2, 1, 3] 
[3, 2, 1] 
[1, 3, 2] 
[2, 1, 3] 
[3, 2, 4] 
[4, 3, 5] 
[1, 4, 6] 
[2, 1, 7] 
[3, 2, 1] 
[1, 3, 2] 
[2, 1, 3] 
[3, 2, 1] 
[1, 3, 2] 
[2, 1, 3] 
[3, 2, 1] 
[1, 3, 2] 
[2, 1, 3] 
[3, 2, 1] 
[1, 3, 2] 
[2, 1, 3] 
[3, 2, 1] 
[1, 3, 2] 
[2, 1, 3] 
[3, 2, 4] 
[4, 3, 5] 
[1, 4, 6] 
[2, 1, 7] 
[3, 2, 1] 
[1, 3, 2] 
[2, 1, 3] 
[3, 2, 1] 
[1, 3, 2] 
[2, 1, 3] 
[3, 2, 1] 
[1, 3, 2] 
[2, 1, 3] 
[3, 2, 1] 
[1, 3, 2] 
[2, 1, 3] 
[3, 2, 1] 
[1, 3, 2] 
[2, 1, 3] 
[3, 2, 1] 
[1, 3, 2] 
[2, 1, 3] 
[3, 2, 1] 
[1, 3, 2] 
[2, 1, 3] 
[3, 2, 1] 
[1, 3, 2] 
[2, 1, 3] 
[3, 2, 1] 
[1, 3, 2] 
[2, 1, 3] 
[3, 2, 1] 
[1, 3, 2] 
[2, 1, 3] 
[3, 2, 1] 
[1, 3, 2] 
[2, 1, 3] 
[3, 2, 1] 
[1, 3, 2] 
[2, 1, 3] 
[3, 2, 1] 
[1, 3, 2] 
[2, 1, 3] 
[3, 2, 1] 
[1, 3, 2] 
[2, 1, 3] 
[3, 2, 1] 
[1, 3, 2] 
[2, 1, 3] 
[3, 2, 1] 
[1, 3, 2] 
[2, 1, 3] 
[3, 2, 1] 
[1, 3, 2] 
[2, 1, 3] 
[3, 2, 1] 
[1, 3, 2] 
[2, 1, 3] 
[3, 2, 1] 
[1, 3, 2] 
[2, 1, 3] 
[3, 2, 1] 
[1, 3, 2] 
[2, 1, 3] 
[3, 2, 1] 
[1, 3, 2] 
[2, 1, 3] 
[3, 2, 1] 
[1, 3, 2] 
[2, 1, 3] 
[3, 2, 1] 
[1, 3, 2] 
[2, 1, 3] 
[3, 2, 1] 
[1, 3, 2] 
[2, 1, 3] 
[3, 2, 1] 
[1, 3, 2] 
[2, 1, 3] 
[3, 2, 1] 
[1, 3, 2] 
[2, 1, 3] 
[3, 2, 1] 
[1, 3, 2] 
[2, 1, 3] 
[3, 2, 1] 
[1, 3, 2] 
[2, 1, 3] 
[3, 2, 1] 
[1, 3, 2] 
[2, 1, 3] 
[3, 2, 1] 
[1, 3, 2] 
[2, 1, 3] 
[3, 2, 4] 
[4, 3, 5] 
[1, 4, 6] 
[2, 1, 7] 
[3, 2, 1] 
[1, 3, 2] 
[2, 1, 3] 
[3, 2, 1] 
[1, 3, 2] 
[2, 1, 3] 
[3, 2, 1] 
[1, 3, 2] 
[2, 1, 3] 
[3, 2, 1] 
[1, 3, 2] 
[2, 1, 3] 
[3, 2, 1] 
[1, 3, 2] 
[2, 4, 3] 
[3, 5, 1] 
[1, 6, 2] 
[2, 1, 3] 
[3, 2, 1] 
[1, 3, 2] 
[2, 1, 3] 
[3, 2, 1] 
[1, 3, 2] 
[2, 1, 3] 
[3, 2, 1] 
[1, 3, 2] 
[2, 1, 3] 
[3, 2, 1] 
[1, 3, 2] 
[2, 1, 3] 
[3, 2, 1] 
[1, 3, 2] 
[2, 1, 3] 
[3, 2, 1] 
[1, 3, 2] 
[2, 1, 3] 
[3, 2, 1] 
[1, 3, 2] 
[2, 1, 3] 
[3, 2, 1] 
[1, 3, 2] 
[2, 1, 3] 
[3, 2, 1] 
[1, 3, 2] 
[2, 1, 3] 
[3, 2, 1] 
[1, 3, 2] 
[2, 1, 3] 
[3, 2, 1] 
[1, 3, 2] 
[2, 1, 3] 
[3, 2, 1] 
[1, 3, 2] 
[2, 1, 3] 
[3, 2, 1] 
[1, 3, 2] 
[2, 1, 3] 
[3, 2, 4] 
[4, 3, 5] 
[1, 4, 6] 
[2, 1, 7] 
[3, 2, 1] 
[1, 3, 2] 
[2, 1, 3] 
[3, 2, 1] 
[1, 3, 2] 
[2, 1, 3] 
[3, 2, 1] 
[1, 3, 2] 
[2, 1, 3] 
[3, 2, 1] 
[1, 3, 2] 
[2, 1, 3] 
[3, 2, 1] 
[1, 3, 2] 
[2, 1, 3] 
[3, 2, 1] 
[1, 3, 2] 
[2, 1, 3] 
[3, 2, 1] 
[1, 3, 2] 
[2, 1, 3] 
[3, 2, 1] 
[1, 3, 2] 
[2, 1, 3] 
[3, 2, 4] 
[4, 3, 5] 
[1, 4, 6] 
[2, 1, 7] 
[3, 2, 1] 
[1, 3, 2] 
[2, 1, 3] 
[3, 2, 1] 
[1, 3, 2] 
[2, 1, 3] 
[3, 2, 4] 
[4, 3, 5] 
[1, 4, 6] 
[2, 1, 7] 
[3, 2, 1] 
[1, 3, 2] 
[2, 1, 3] 
[3, 2, 1] 
[1, 3, 2] 
[2, 1, 3] 
[3, 2, 1] 
[1, 3, 2] 
[2, 1, 3] 
[3, 2, 1] 
[1, 3, 2] 
[2, 1, 3] 
[3, 2, 1] 
[1, 3, 2] 
[2, 1, 3] 
[3, 2, 4] 
[4, 3, 5] 
[1, 4, 6] 
[2, 1, 7] 
[3, 2, 1] 
[1, 3, 2] 
[2, 1, 3] 
[3, 2, 1] 
[1, 3, 2] 
[2, 1, 3] 
[3, 2, 1] 
[1, 3, 2] 
[2, 1, 3] 
[3, 2, 1] 
[1, 3, 2] 
[2, 1, 3] 
[3, 2, 4] 
[4, 3, 5] 
[1, 4, 6] 
[2, 1, 7] 
[3, 2, 1] 
[1, 3, 2] 
[2, 1, 3] 
[3, 2, 1] 
[1, 3, 2] 
[2, 1, 3] 
[3, 2, 1] 
[1, 3, 2] 
[2, 1, 3] 
[3, 2, 1] 
[1, 3, 2] 
[2, 1, 3] 
[3, 2, 1] 
[1, 3, 2] 
[2, 1, 3] 
[3, 2, 1] 
[1, 3, 2] 
[2, 1, 3] 
[3, 2, 4] 
[4, 3, 5] 
[1, 4, 6] 
[2, 1, 7] 
[3, 2, 1] 
[1, 3, 2] 
[2, 1, 3] 
[3, 2, 1] 
[1, 3, 2] 
[2, 1, 3] 
[3, 2, 1] 
[1, 3, 2] 
[2, 1, 3] 
[3, 2, 1] 
[1, 3, 2] 
[2, 1, 3] 
[3, 2, 1] 
[1, 3, 2] 
[2, 1, 3] 
[3, 2, 1] 
[1, 3, 2] 
[2, 1, 3] 
[3, 2, 1] 
[1, 3, 2] 
[2, 1, 3] 
[3, 2, 1] 
[1, 3, 2] 
[2, 1, 3] 
[3, 2, 1] 
[1, 3, 2] 
[2, 1, 3] 
[3, 2, 4] 
[4, 3, 5] 
[1, 4, 6] 
[2, 1, 7] 
[3, 2, 1] 
[1, 3, 2] 
[2, 1, 3] 
[3, 2, 1] 
[1, 3, 2] 
[2, 1, 3] 
[3, 2, 1] 
[1, 3, 2] 
[2, 1, 3] 
[3, 2, 1] 
[1, 3, 2] 
[2, 1, 3] 
[3, 2, 1] 
[1, 3, 2] 
[2, 1, 3] 
[3, 2, 1] 
[1, 3, 2] 
[2, 1, 3] 
[3, 2, 1] 
[1, 3, 2] 
[2, 1, 3] 
[3, 2, 1] 
[1, 3, 2] 
[2, 1, 3] 
[3, 2, 1] 
[1, 3, 2] 
[2, 1, 3] 
[3, 2, 4] 
[4, 3, 5] 
[1, 4, 6] 
[2, 1, 7] 
[3, 2, 1] 
[1, 3, 2] 
[2, 1, 3] 
[3, 2, 1] 
[1, 3, 2] 
[2, 1, 3] 
[3, 2, 1] 
[1, 3, 2] 
[2, 1, 3] 
[3, 2, 1] 
[1, 3, 2] 
[2, 1, 3] 
[3, 2, 1] 
[1, 3, 2] 
[2, 1, 3] 
[3, 2, 1] 
[1, 3, 2] 
[2, 1, 3] 
[3, 2, 1] 
[1, 3, 2] 
[2, 1, 3] 
[3, 2, 1] 
[1, 3, 2] 
[2, 1, 3] 
[3, 2, 1] 
[1, 3, 2] 
[2, 1, 3] 
[3, 2, 1] 
[1, 3, 2] 
[2, 1, 3] 
[3, 2, 1] 
[1, 3, 2] 
[2, 1, 3] 
[3, 2, 1] 
[1, 3, 2] 
[2, 4, 3] 
[3, 5, 1] 
[1, 6, 2] 
[2, 1, 3] 
[3, 2, 1] 
[1, 3, 2] 
[2, 1, 3] 
[3, 2, 1] 
[1, 3, 2] 
[2, 1, 3] 
[3, 2, 1] 
[1, 3, 2] 
[2, 1, 3] 
[3, 2, 1] 
[1, 3, 2] 
[2, 1, 3] 
[3, 2, 1] 
[1, 3, 2] 
[2, 1, 3] 
[3, 2, 1] 
[1, 3, 2] 
[2, 1, 3] 
[3, 2, 1] 
[1, 3, 2] 
[2, 1, 3] 
[3, 2, 1] 
[1, 3, 2] 
[2, 1, 3] 
[3, 2, 1] 
[1, 3, 2] 
[2, 1, 3] 
[3, 2, 1] 
[1, 3, 2] 
[2, 1, 3] 
[3, 2, 1] 
[1, 3, 2] 
[2, 1, 3] 
[3, 2, 1] 
[1, 3, 2] 
[2, 1, 3] 
[3, 2, 1] 
[1, 3, 2] 
[2, 4, 3] 
[3, 5, 1] 
[1, 6, 2] 
[2, 1, 3] 
[3, 2, 1] 
[1, 3, 2] 
[2, 1, 3] 
[3, 2, 1] 
[1, 3, 2] 
[2, 1, 3] 
[3, 2, 1] 
[1, 3, 2] 
[2, 1, 3] 
[3, 2, 1] 
[1, 3, 2] 
[2, 1, 3] 
[3, 2, 1] 
[1, 3, 2] 
[2, 1, 3] 
[3, 2, 1] 
[1, 3, 2] 
[2, 1, 3] 
[3, 2, 1] 
[1, 3, 2] 
[2, 1, 3] 
[3, 2, 1] 
[1, 3, 2] 
[2, 1, 3] 
[3, 2, 1] 
[1, 3, 2] 
[2, 1, 3] 
[3, 2, 1] 
[1, 3, 2] 
[2, 1, 3] 
[3, 2, 4] 
[4, 3, 5] 
[1, 4, 6] 
[2, 1, 7] 
[3, 2, 1] 
[1, 3, 2] 
[2, 1, 3] 
[3, 2, 1] 
[1, 3, 2] 
[2, 1, 3] 
[3, 2, 1] 
[1, 3, 2] 
[2, 1, 3] 
[3, 2, 1] 
[1, 3, 2] 
[2, 1, 3] 
[3, 2, 1] 
[1, 3, 2] 
[2, 1, 3] 
[3, 2, 1] 
[1, 3, 2] 
[2, 1, 3] 
[3, 2, 1] 
[1, 3, 2] 
[2, 1, 3] 
[3, 2, 1] 
[1, 3, 2] 
[2, 1, 3] 
[3, 2, 1] 
[1, 3, 2] 
[2, 1, 3] 
[3, 2, 1] 
[1, 3, 2] 
[2, 1, 3] 
[3, 2, 4] 
[4, 3, 5] 
[1, 4, 6] 
[2, 1, 7] 
[3, 2, 1] 
[1, 3, 2] 
[2, 1, 3] 
[3, 2, 1] 
[1, 3, 2] 
[2, 1, 3] 
[3, 2, 1] 
[1, 3, 2] 
[2, 1, 3] 
[3, 2, 1] 
[1, 3, 2] 
[2, 1, 3] 
[3, 2, 1] 
[1, 3, 2] 
[2, 1, 3] 
[3, 2, 4] 
[4, 3, 5] 
[1, 4, 6] 
[2, 1, 7] 
[3, 2, 1] 
[1, 3, 2] 
[2, 1, 3] 
[3, 2, 1] 
[1, 3, 2] 
[2, 1, 3] 
[3, 2, 1] 
[1, 3, 2] 
[2, 1, 3] 
[3, 2, 1] 
[1, 3, 2] 
[2, 1, 3] 
[3, 2, 1] 
[1, 3, 2] 
[2, 1, 3] 
[3, 2, 1] 
[1, 3, 2] 
[2, 1, 3] 
[3, 2, 1] 
[1, 3, 2] 
[2, 1, 3] 
[3, 2, 1] 
[1, 3, 2] 
[2, 1, 3] 
[3, 2, 1] 
[1, 3, 2] 
[2, 1, 3] 
[3, 2, 1] 
[1, 3, 2] 
[2, 1, 3] 
[3, 2, 1] 
[1, 3, 2] 
[2, 1, 3] 
[3, 2, 1] 
[1, 3, 2] 
[2, 1, 3] 
[3, 2, 4] 
[4, 3, 5] 
[1, 4, 6] 
[2, 1, 7] 
[3, 2, 1] 
[1, 3, 2] 
[2, 1, 3] 
[3, 2, 1] 
[1, 3, 2] 
[2, 1, 3] 
[3, 2, 1] 
[1, 3, 2] 
[2, 1, 3] 
[3, 2, 1] 
[1, 3, 2] 
[2, 1, 3] 
[3, 2, 1] 
[1, 3, 2] 
[2, 1, 3] 
[3, 2, 1] 
[1, 3, 2] 
[2, 1, 3] 
[3, 2, 1] 
[1, 3, 2] 
[2, 1, 3] 
[3, 2, 1] 
[1, 3, 2] 
[2, 1, 3] 
[3, 2, 1] 
[1, 3, 2] 
[2, 1, 3] 
[3, 2, 1] 
[1, 3, 2] 
[2, 1, 3] 
[3, 2, 1] 
[1, 3, 2] 
[2, 1, 3] 
[3, 2, 1] 
[1, 3, 2] 
[2, 1, 3] 
[3, 2, 1] 
[1, 3, 2] 
[2, 1, 3] 
[3, 2, 4] 
[4, 3, 5] 
[1, 4, 6] 
[2, 1, 7] 
[3, 2, 1] 
[1, 3, 2] 
[2, 1, 3] 
[3, 2, 1] 
[1, 3, 2] 
[2, 1, 3] 
[3, 2, 4] 
[4, 3, 5] 
[1, 4, 6] 
[2, 1, 7] 
[3, 2, 1] 
[1, 3, 2] 
[2, 1, 3] 
[3, 2, 1] 
[1, 3, 2] 
[2, 1, 3] 
[3, 2, 1] 
[1, 3, 2] 
[2, 1, 3] 
[3, 2, 1] 
[1, 3, 2] 
[2, 1, 3] 
[3, 2, 1] 
[1, 3, 2] 
[2, 1, 3] 
[3, 2, 1] 
[1, 3, 2] 
[2, 1, 3] 
[3, 2, 1] 
[1, 3, 2] 
[2, 1, 3] 
[3, 2, 1] 
[1, 3, 2] 
[2, 1, 3] 
[3, 2, 1] 
[1, 3, 2] 
[2, 1, 3] 
[3, 2, 1] 
[1, 3, 2] 
[2, 1, 3] 
[3, 2, 1] 
[1, 3, 2] 
[2, 1, 3] 
[3, 2, 1] 
[1, 3, 2] 
[2, 1, 3] 
[3, 2, 1] 
[1, 3, 2] 
[2, 1, 3] 
[3, 2, 1] 
[1, 3, 2] 
[2, 1, 3] 
[3, 2, 1] 
[1, 3, 2] 
[2, 1, 3] 
[3, 2, 1] 
[1, 3, 2] 
[2, 1, 3] 
[3, 2, 1] 
[1, 3, 2] 
[2, 1, 3] 
[3, 2, 1] 
[1, 3, 2] 
[2, 1, 3] 
[3, 2, 1] 
[1, 3, 2] 
[2, 1, 3] 
[3, 2, 1] 
[1, 3, 2] 
[2, 1, 3] 
[3, 2, 1] 
[1, 3, 2] 
[2, 1, 3] 
[3, 2, 1] 
[1, 3, 2] 
[2, 1, 3] 
[3, 2, 1] 
[1, 3, 2] 
[2, 1, 3] 
[3, 2, 1] 
[1, 3, 2] 
[2, 1, 3] 
[3, 2, 1] 
[1, 3, 2] 
[2, 1, 3] 
[3, 2, 1] 
[1, 3, 2] 
[2, 1, 3] 
[3, 2, 1] 
[1, 3, 2] 
[2, 1, 3] 
[3, 2, 1] 
[1, 3, 2] 
[2, 1, 3] 
[3, 2, 1] 
[1, 3, 2] 
[2, 1, 3] 
[3, 2, 1] 
[1, 3, 2] 
[2, 1, 3] 
[3, 2, 1] 
[1, 3, 2] 
[2, 1, 3] 
[3, 2, 1] 
[1, 3, 2] 
[2, 1, 3] 
[3, 2, 1] 
[1, 3, 2] 
[2, 1, 3] 
[3, 2, 1] 
[1, 3, 2] 
[2, 1, 3] 
[3, 2, 1] 
[1, 3, 2] 
[2, 1, 3] 
[3, 2, 1] 
[1, 3, 2] 
[2, 1, 3] 
[3, 2, 4] 
[4, 3, 5] 
[1, 4, 6] 
[2, 1, 7] 
[3, 2, 1] 
[1, 3, 2] 
[2, 1, 3] 
[3, 2, 1] 
[1, 3, 2] 
[2, 1, 3] 
[3, 2, 1] 
[1, 3, 2] 
[2, 1, 3] 
[3, 2, 1] 
[1, 3, 2] 
[2, 1, 3] 
[3, 2, 1] 
[1, 3, 2] 
[2, 1, 3] 
[3, 2, 1] 
[1, 3, 2] 
[2, 1, 3] 
[3, 2, 1] 
[1, 3, 2] 
[2, 1, 3] 
[3, 2, 1] 
[1, 3, 2] 
[2, 1, 3] 
[3, 2, 1] 
[1, 3, 2] 
[2, 1, 3] 
[3, 2, 1] 
[1, 3, 2] 
[2, 1, 3] 
[3, 2, 1] 
[1, 3, 2] 
[2, 1, 3] 
[3, 2, 1] 
[1, 3, 2] 
[2, 1, 3] 
[3, 2, 1] 
[1, 3, 2] 
[2, 1, 3] 
[3, 2, 1] 
[1, 3, 2] 
[2, 1, 3] 
[3, 2, 1] 
[1, 3, 2] 
[2, 1, 3] 
[3, 2, 1] 
[1, 3, 2] 
[2, 1, 3] 
[3, 2, 1] 
[1, 3, 2] 
[2, 1, 3] 
[3, 2, 1] 
[1, 3, 2] 
[2, 1, 3] 
[3, 2, 1] 
[1, 3, 2] 
[2, 1, 3] 
[3, 2, 1] 
[1, 3, 2] 
[2, 1, 3] 
[3, 2, 1] 
[1, 3, 2] 
[2, 1, 3] 
[3, 2, 1] 
[1, 3, 2] 
[2, 1, 3] 
[3, 2, 1] 
[1, 3, 2] 
[2, 1, 3] 
[3, 2, 1] 
[1, 3, 2] 
[2, 1, 3] 
[3, 2, 1] 
[1, 3, 2] 
[2, 1, 3] 
[3, 2, 1] 
[1, 3, 2] 
[2, 1, 3] 
[3, 2, 1] 
[1, 3, 2] 
[2, 1, 3] 
[3, 2, 1] 
[1, 3, 2] 
[2, 1, 3] 
[3, 2, 1] 
[1, 3, 2] 
[2, 1, 3] 
[3, 2, 1] 
[1, 3, 2] 
[2, 1, 3] 
[3, 2, 1] 
[1, 3, 2] 
[2, 1, 3] 
[3, 2, 1] 
[1, 3, 2] 
[2, 1, 3] 
[3, 2, 1] 
[1, 3, 2] 
[2, 1, 3] 
[3, 2, 1] 
[1, 3, 2] 
[2, 1, 3] 
[3, 2, 1] 
[1, 3, 2] 
[2, 1, 3] 
[3, 2, 1] 
[1, 3, 2] 
[2, 1, 3] 
[3, 2, 1] 
[1, 3, 2] 
[2, 1, 3] 
[3, 2, 1] 
[1, 3, 2] 
[2, 1, 3] 
[3, 2, 1] 
[1, 3, 2] 
[2, 1, 3] 
[3, 2, 1] 
[1, 3, 2] 
[2, 1, 3] 
[3, 2, 1] 
[1, 3, 2] 
[2, 1, 3] 
[3, 2, 1] 
[1, 3, 2] 
[2, 1, 3] 
[3, 2, 4] 
[4, 3, 5] 
[1, 4, 6] 
[2, 1, 7] 
[3, 2, 1] 
[1, 3, 2] 
[2, 1, 3] 
[3, 2, 1] 
[1, 3, 2] 
[2, 1, 3] 
[3, 2, 1] 
[1, 3, 2] 
[2, 1, 3] 
[3, 2, 1] 
[1, 3, 2] 
[2, 1, 3] 
[3, 2, 1] 
[1, 3, 2] 
[2, 1, 3] 
[3, 2, 1] 
[1, 3, 2] 
[2, 1, 3] 
[3, 2, 1] 
[1, 3, 2] 
[2, 1, 3] 
[3, 2, 1] 
[1, 3, 2] 
[2, 1, 3] 
[3, 2, 1] 
[1, 3, 2] 
[2, 1, 3] 
[3, 2, 1] 
[1, 3, 2] 
[2, 1, 3] 
[3, 2, 1] 
[1, 3, 2] 
[2, 1, 3] 
[3, 2, 1] 
[1, 3, 2] 
[2, 1, 3] 
[3, 2, 1] 
[1, 3, 2] 
[2, 1, 3] 
[3, 2, 1] 
[1, 3, 2] 
[2, 1, 3] 
[3, 2, 1] 
[1, 3, 2] 
[2, 1, 3] 
[3, 2, 1] 
[1, 3, 2] 
[2, 1, 3] 
[3, 2, 4] 
[4, 3, 5] 
[1, 4, 6] 
[2, 1, 7] 
[3, 2, 1] 
[1, 3, 2] 
[2, 1, 3] 
[3, 2, 1] 
[1, 3, 2] 
[2, 1, 3] 
[3, 2, 1] 
[1, 3, 2] 
[2, 1, 3] 
[3, 2, 1] 
[1, 3, 2] 
[2, 1, 3] 
[3, 2, 1] 
[1, 3, 2] 
[2, 4, 3] 
[3, 5, 1] 
[1, 6, 2] 
[2, 1, 3] 
[3, 2, 1] 
[1, 3, 2] 
[2, 1, 3] 
[3, 2, 1] 
[1, 3, 2] 
[2, 1, 3] 
[3, 2, 1] 
[1, 3, 2] 
[2, 1, 3] 
[3, 2, 1] 
[1, 3, 2] 
[2, 1, 3] 
[3, 2, 1] 
[1, 3, 2] 
[2, 1, 3] 
[3, 2, 1] 
[1, 3, 2] 
[2, 1, 3] 
[3, 2, 1] 
[1, 3, 2] 
[2, 1, 3] 
[3, 2, 4] 
[4, 3, 5] 
[1, 4, 6] 
[2, 1, 7] 
[3, 2, 1] 
[1, 3, 2] 
[2, 1, 3] 
[3, 2, 1] 
[1, 3, 2] 
[2, 1, 3] 
[3, 2, 1] 
[1, 3, 2] 
[2, 1, 3] 
[3, 2, 1] 
[1, 3, 2] 
[2, 1, 3] 
[3, 2, 1] 
[1, 3, 2] 
[2, 1, 3] 
[3, 2, 1] 
[1, 3, 2] 
[2, 1, 3] 
[3, 2, 1] 
[1, 3, 2] 
[2, 1, 3] 
[3, 2, 1] 
[1, 3, 2] 
[2, 1, 3] 
[3, 2, 1] 
[1, 3, 2] 
[2, 1, 3] 
[3, 2, 1] 
[1, 3, 2] 
[2, 1, 3] 
[3, 2, 1] 
[1, 3, 2] 
[2, 1, 3] 
[3, 2, 1] 
[1, 3, 2] 
[2, 1, 3] 
[3, 2, 1] 
[1, 3, 2] 
[2, 1, 3] 
[3, 2, 1] 
[1, 3, 2] 
[2, 1, 3] 
[3, 2, 1] 
[1, 3, 2] 
[2, 1, 3] 
[3, 2, 1] 
[1, 3, 2] 
[2, 4, 3] 
[3, 5, 1] 
[1, 6, 2] 
[2, 1, 3] 
[3, 2, 1] 
[1, 3, 2] 
[2, 1, 3] 
[3, 2, 1] 
[1, 3, 2] 
[2, 1, 3] 
[3, 2, 1] 
[1, 3, 2] 
[2, 1, 3] 
[3, 2, 1] 
[1, 3, 2] 
[2, 1, 3] 
[3, 2, 1] 
[1, 3, 2] 
[2, 1, 3] 
[3, 2, 1] 
[1, 3, 2] 
[2, 1, 3] 
[3, 2, 1] 
[1, 3, 2] 
[2, 1, 3] 
[3, 2, 1] 
[1, 3, 2] 
[2, 1, 3] 
[3, 2, 1] 
[1, 3, 2] 
[2, 1, 3] 
[3, 2, 1] 
[1, 3, 2] 
[2, 1, 3] 
[3, 2, 1] 
[1, 3, 2] 
[2, 1, 3] 
[3, 2, 1] 
[1, 3, 2] 
[2, 1, 3] 
[3, 2, 4] 
[4, 3, 5] 
[1, 4, 6] 
[2, 1, 7] 
[3, 2, 1] 
[1, 3, 2] 
[2, 1, 3] 
[3, 2, 1] 
[1, 3, 2] 
[2, 1, 3] 
[3, 2, 1] 
[1, 3, 2] 
[2, 1, 3] 
[3, 2, 1] 
[1, 3, 2] 
[2, 1, 3] 
[3, 2, 1] 
[1, 3, 2] 
[2, 1, 3] 
[3, 2, 1] 
[1, 3, 2] 
[2, 1, 3] 
[3, 2, 1] 
[1, 3, 2] 
[2, 1, 3] 
[3, 2, 1] 
[1, 3, 2] 
[2, 1, 3] 
[3, 2, 1] 
[1, 3, 2] 
[2, 1, 3] 
[3, 2, 1] 
[1, 3, 2] 
[2, 1, 3] 
[3, 2, 1] 
[1, 3, 2] 
[2, 1, 3] 
[3, 2, 1] 
[1, 3, 2] 
[2, 1, 3] 
[3, 2, 1] 
[1, 3, 2] 
[2, 1, 3] 
[3, 2, 1] 
[1, 3, 2] 
[2, 1, 3] 
[3, 2, 1] 
[1, 3, 2] 
[2, 1, 3] 
[3, 2, 1] 
[1, 3, 2] 
[2, 1, 3] 
[3, 2, 1] 
[1, 3, 2] 
[2, 1, 3] 
[3, 2, 1] 
[1, 3, 2] 
[2, 1, 3] 
[3, 2, 1] 
[1, 3, 2] 
[2, 1, 3] 
[3, 2, 1] 
[1, 3, 2] 
[2, 1, 3] 
[3, 2, 1] 
[1, 3, 2] 
[2, 1, 3] 
[3, 2, 1] 
[1, 3, 2] 
[2, 1, 3] 
[3, 2, 1] 
[1, 3, 2] 
[2, 1, 3] 
[3, 2, 1] 
[1, 3, 2] 
[2, 1, 3] 
[3, 2, 1] 
[1, 3, 2] 
[2, 1, 3] 
[3, 2, 1] 
[1, 3, 2] 
[2, 1, 3] 
[3, 2, 1] 
[1, 3, 2] 
[2, 1, 3] 
[3, 2, 1] 
[1, 3, 2] 
[2, 1, 3] 
[3, 2, 1] 
[1, 3, 2] 
[2, 1, 3] 
[3, 2, 1] 
[1, 3, 2] 
[2, 1, 3] 
[3, 2, 1] 
[1, 3, 2] 
[2, 1, 3] 
[3, 2, 1] 
[1, 3, 2] 
[2, 1, 3] 
[3, 2, 1] 
[1, 3, 2] 
[2, 1, 3] 
[3, 2, 1] 
[1, 3, 2] 
[2, 1, 3] 
[3, 2, 1] 
[1, 3, 2] 
[2, 1, 3] 
[3, 2, 1] 
[1, 3, 2] 
[2, 1, 3] 
[3, 2, 1] 
[1, 3, 2] 
[2, 1, 3] 
[3, 2, 1] 
[1, 3, 2] 
[2, 1, 3] 
[3, 2, 1] 
[1, 3, 2] 
[2, 1, 3] 
[3, 2, 4] 
[4, 3, 5] 
[1, 4, 6] 
[2, 1, 7] 
[3, 2, 1] 
[1, 3, 2] 
[2, 1, 3] 
[3, 2, 1] 
[1, 3, 2] 
[2, 1, 3] 
[3, 2, 1] 
[1, 3, 2] 
[2, 1, 3] 
[3, 2, 1] 
[1, 3, 2] 
[2, 1, 3] 
[3, 2, 1] 
[1, 3, 2] 
[2, 1, 3] 
[3, 2, 1] 
[1, 3, 2] 
[2, 1, 3] 
[3, 2, 1] 
[1, 3, 2] 
[2, 1, 3] 
[3, 2, 1] 
[1, 3, 2] 
[2, 1, 3] 
[3, 2, 1] 
[1, 3, 2] 
[2, 1, 3] 
[3, 2, 1] 
[1, 3, 2] 
[2, 1, 3] 
[3, 2, 1] 
[1, 3, 2] 
[2, 1, 3] 
[3, 2, 1] 
[1, 3, 2] 
[2, 1, 3] 
[3, 2, 1] 
[1, 3, 2] 
[2, 1, 3] 
[3, 2, 1] 
[1, 3, 2] 
[2, 1, 3] 
[3, 2, 1] 
[1, 3, 2] 
[2, 1, 3] 
[3, 2, 1] 
[1, 3, 2] 
[2, 1, 3] 
[3, 2, 1] 
[1, 3, 2] 
[2, 1, 3] 
[3, 2, 1] 
[1, 3, 2] 
[2, 1, 3] 
[3, 2, 1] 
[1, 3, 2] 
[2, 1, 3] 
[3, 2, 1] 
[1, 3, 2] 
[2, 1, 3] 
[3, 2, 4] 
[4, 3, 5] 
[1, 4, 6] 
[2, 1, 7] 
[3, 2, 1] 
[1, 3, 2] 
[2, 1, 3] 
[3, 2, 1] 
[1, 3, 2] 
[2, 1, 3] 
[3, 2, 1] 
[1, 3, 2] 
[2, 1, 3] 
[3, 2, 1] 
[1, 3, 2] 
[2, 1, 3] 
[3, 2, 1] 
[1, 3, 2] 
[2, 1, 3] 
[3, 2, 1] 
[1, 3, 2] 
[2, 1, 3] 
[3, 2, 1] 
[1, 3, 2] 
[2, 1, 3] 
[3, 2, 1] 
[1, 3, 2] 
[2, 1, 3] 
[3, 2, 1] 
[1, 3, 2] 
[2, 1, 3] 
[3, 2, 1] 
[1, 3, 2] 
[2, 1, 3] 
[3, 2, 4] 
[4, 3, 5] 
[1, 4, 6] 
[2, 1, 7] 
[3, 2, 1] 
[1, 3, 2] 
[2, 1, 3] 
[3, 2, 1] 
[1, 3, 2] 
[2, 1, 3] 
[3, 2, 1] 
[1, 3, 2] 
[2, 1, 3] 
[3, 2, 1] 
[1, 3, 2] 
[2, 1, 3] 
[3, 2, 1] 
[1, 3, 2] 
[2, 1, 3] 
[3, 2, 1] 
[1, 3, 2] 
[2, 1, 3] 
[3, 2, 1] 
[1, 3, 2] 
[2, 1, 3] 
[3, 2, 1] 
[1, 3, 2] 
[2, 1, 3] 
[3, 2, 1] 
[1, 3, 2] 
[2, 1, 3] 
[3, 2, 1] 
[1, 3, 2] 
[2, 1, 3] 
[3, 2, 1] 
[1, 3, 2] 
[2, 1, 3] 
[3, 2, 1] 
[1, 3, 2] 
[2, 1, 3] 
[3, 2, 1] 
[1, 3, 2] 
[2, 1, 3] 
[3, 2, 1] 
[1, 3, 2] 
[2, 1, 3] 
[3, 2, 1] 
[1, 3, 2] 
[2, 1, 3] 
[3, 2, 1] 
[1, 3, 2] 
[2, 1, 3] 
[3, 2, 1] 
[1, 3, 2] 
[2, 1, 3] 
[3, 2, 1] 
[4, 3, 2] 
[5, 1, 3] 
[6, 2, 1] 
[1, 3, 2] 
[2, 1, 3] 
[3, 2, 1] 
[1, 3, 2] 
[2, 1, 3] 
[3, 2, 1] 
[1, 3, 2] 
[2, 1, 3] 
[3, 2, 1] 
[1, 3, 2] 
[2, 1, 3] 
[3, 2, 1] 
[1, 3, 2] 
[2, 1, 3] 
[3, 2, 1] 
[1, 3, 2] 
[2, 1, 3] 
[3, 2, 1] 
[1, 3, 2] 
[2, 1, 3] 
[3, 2, 4] 
[4, 3, 5] 
[1, 4, 6] 
[2, 1, 7] 
[3, 2, 1] 
[1, 3, 2] 
[2, 1, 3] 
[3, 2, 1] 
[1, 3, 2] 
[2, 1, 3] 
[3, 2, 1] 
[1, 3, 2] 
[2, 1, 3] 
[3, 2, 1] 
[1, 3, 2] 
[2, 1, 3] 
[3, 2, 1] 
[1, 3, 2] 
[2, 1, 3] 
[3, 2, 1] 
[1, 3, 2] 
[2, 1, 3] 
[3, 2, 1] 
[1, 3, 2] 
[2, 1, 3] 
[3, 2, 4] 
[4, 3, 5] 
[1, 4, 6] 
[2, 1, 7] 
[3, 2, 1] 
[1, 3, 2] 
[2, 1, 3] 
[3, 2, 1] 
[1, 3, 2] 
[2, 1, 3] 
[3, 2, 1] 
[1, 3, 2] 
[2, 1, 3] 
[3, 2, 1] 
[1, 3, 2] 
[2, 1, 3] 
[3, 2, 1] 
[1, 3, 2] 
[2, 1, 3] 
[3, 2, 1] 
[1, 3, 2] 
[2, 1, 3] 
[3, 2, 1] 
[1, 3, 2] 
[2, 1, 3] 
[3, 2, 1] 
[1, 3, 2] 
[2, 1, 3] 
[3, 2, 1] 
[1, 3, 2] 
[2, 1, 3] 
[3, 2, 1] 
[1, 3, 2] 
[2, 1, 3] 
[3, 2, 4] 
[4, 3, 5] 
[1, 4, 6] 
[2, 1, 7] 
[3, 2, 1] 
[1, 3, 2] 
[2, 1, 3] 
[3, 2, 1] 
[1, 3, 2] 
[2, 1, 3] 
[3, 2, 1] 
[1, 3, 2] 
[2, 1, 3] 
[3, 2, 1] 
[1, 3, 2] 
[2, 1, 3] 
[3, 2, 1] 
[1, 3, 2] 
[2, 1, 3] 
[3, 2, 1] 
[1, 3, 2] 
[2, 1, 3] 
[3, 2, 1] 
[1, 3, 2] 
[2, 1, 3] 
[3, 2, 1] 
[1, 3, 2] 
[2, 1, 3] 
[3, 2, 1] 
[1, 3, 2] 
[2, 1, 3] 
[3, 2, 1] 
[1, 3, 2] 
[2, 1, 3] 
[3, 2, 1] 
[1, 3, 2] 
[2, 1, 3] 
[3, 2, 4] 
[4, 3, 5] 
[1, 4, 6] 
[2, 1, 7] 
[3, 2, 1] 
[1, 3, 2] 
[2, 1, 3] 
[3, 2, 1] 
[1, 3, 2] 
[2, 1, 3] 
[3, 2, 1] 
[1, 3, 2] 
[2, 1, 3] 
[3, 2, 1] 
[1, 3, 2] 
[2, 1, 3] 
[3, 2, 1] 
[1, 3, 2] 
[2, 1, 3] 
[3, 2, 1] 
[1, 3, 2] 
[2, 1, 3] 
[3, 2, 1] 
[1, 3, 2] 
[2, 1, 3] 
[3, 2, 1] 
[1, 3, 2] 
[2, 1, 3] 
[3, 2, 1] 
[1, 3, 2] 
[2, 1, 3] 
[3, 2, 1] 
[1, 3, 2] 
[2, 1, 3] 
[3, 2, 1] 
[1, 3, 2] 
[2, 1, 3] 
[3, 2, 4] 
[4, 3, 5] 
[1, 4, 6] 
[2, 1, 7] 
[3, 2, 1] 
[1, 3, 2] 
[2, 1, 3] 
[3, 2, 1] 
[1, 3, 2] 
[2, 1, 3] 
[3, 2, 1] 
[1, 3, 2] 
[2, 1, 3] 
[3, 2, 1] 
[1, 3, 2] 
[2, 1, 3] 
[3, 2, 1] 
[1, 3, 2] 
[2, 1, 3] 
[3, 2, 1] 
[1, 3, 2] 
[2, 1, 3] 
[3, 2, 1] 
[1, 3, 2] 
[2, 1, 3] 
[3, 2, 1] 
[1, 3, 2] 
[2, 1, 3] 
[3, 2, 1] 
[1, 3, 2] 
[2, 1, 3] 
[3, 2, 1] 
[1, 3, 2] 
[2, 1, 3] 
[3, 2, 1] 
[1, 3, 2] 
[2, 1, 3] 
[3, 2, 1] 
[1, 3, 2] 
[2, 1, 3] 
[3, 2, 4] 
[4, 3, 5] 
[1, 4, 6] 
[2, 1, 7] 
[3, 2, 1] 
[1, 3, 2] 
[2, 1, 3] 
[3, 2, 1] 
[1, 3, 2] 
[2, 1, 3] 
[3, 2, 1] 
[1, 3, 2] 
[2, 1, 3] 
[3, 2, 1] 
[1, 3, 2] 
[2, 1, 3] 
[3, 2, 1] 
[1, 3, 2] 
[2, 1, 3] 
[3, 2, 1] 
[1, 3, 2] 
[2, 1, 3] 
[3, 2, 1] 
[1, 3, 2] 
[2, 1, 3] 
[3, 2, 1] 
[1, 3, 2] 
[2, 1, 3] 
[3, 2, 1] 
[1, 3, 2] 
[2, 1, 3] 
[3, 2, 1] 
[1, 3, 2] 
[2, 1, 3] 
[3, 2, 1] 
[1, 3, 2] 
[2, 1, 3] 
[3, 2, 1] 
[1, 3, 2] 
[2, 1, 3] 
[3, 2, 1] 
[1, 3, 2] 
[2, 1, 3] 
[3, 2, 1] 
[1, 3, 2] 
[2, 1, 3] 
[3, 2, 1] 
[1, 3, 2] 
[2, 1, 3] 
[3, 2, 1] 
[1, 3, 2] 
[2, 1, 3] 
[3, 2, 1] 
[1, 3, 2] 
[2, 1, 3] 
[3, 2, 4] 
[4, 3, 5] 
[1, 4, 6] 
[2, 1, 7] 
[3, 2, 1] 
[1, 3, 2] 
[2, 1, 3] 
[3, 2, 4] 
[4, 3, 5] 
[1, 4, 6] 
[2, 1, 7] 
[3, 2, 1] 
[1, 3, 2] 
[2, 1, 3] 
[3, 2, 1] 
[1, 3, 2] 
[2, 1, 3] 
[3, 2, 1] 
[1, 3, 2] 
[2, 1, 3] 
[3, 2, 1] 
[1, 3, 2] 
[2, 1, 3] 
[3, 2, 1] 
[1, 3, 2] 
[2, 1, 3] 
[3, 2, 1] 
[1, 3, 2] 
[2, 1, 3] 
[3, 2, 1] 
[1, 3, 2] 
[2, 1, 3] 
[3, 2, 1] 
[1, 3, 2] 
[2, 1, 3] 
[3, 2, 1] 
[1, 3, 2] 
[2, 1, 3] 
[3, 2, 1] 
[1, 3, 2] 
[2, 1, 3] 
[3, 2, 1] 
[1, 3, 2] 
[2, 1, 3] 
[3, 2, 1] 
[1, 3, 2] 
[2, 1, 3] 
[3, 2, 1] 
[1, 3, 2] 
[2, 1, 3] 
[3, 2, 1] 
[1, 3, 2] 
[2, 1, 3] 
[3, 2, 1] 
[1, 3, 2] 
[2, 1, 3] 
[3, 2, 1] 
[1, 3, 2] 
[2, 1, 3] 
[3, 2, 1] 
[1, 3, 2] 
[2, 1, 3] 
[3, 2, 1] 
[1, 3, 2] 
[2, 1, 3] 
[3, 2, 1] 
[1, 3, 2] 
[2, 1, 3] 
[3, 2, 1] 
[1, 3, 2] 
[2, 1, 3] 
[3, 2, 1] 
[1, 3, 2] 
[2, 1, 3] 
[3, 2, 4] 
[4, 3, 5] 
[1, 4, 6] 
[2, 1, 7] 
[3, 2, 1] 
[1, 3, 2] 
[2, 1, 3] 
[3, 2, 1] 
[1, 3, 2] 
[2, 1, 3] 
[3, 2, 1] 
[1, 3, 2] 
[2, 1, 3] 
[3, 2, 1] 
[1, 3, 2] 
[2, 1, 3] 
[3, 2, 1] 
[1, 3, 2] 
[2, 1, 3] 
[3, 2, 1] 
[1, 3, 2] 
[2, 1, 3] 
[3, 2, 1] 
[1, 3, 2] 
[2, 1, 3] 
[3, 2, 1] 
[1, 3, 2] 
[2, 1, 3] 
[3, 2, 1] 
[1, 3, 2] 
[2, 1, 3] 
[3, 2, 1] 
[1, 3, 2] 
[2, 1, 3] 
[3, 2, 1] 
[1, 3, 2] 
[2, 1, 3] 
[3, 2, 1] 
[1, 3, 2] 
[2, 1, 3] 
[3, 2, 1] 
[1, 3, 2] 
[2, 1, 3] 
[3, 2, 1] 
[1, 3, 2] 
[2, 1, 3] 
[3, 2, 1] 
[1, 3, 2] 
[2, 1, 3] 
[3, 2, 1] 
[1, 3, 2] 
[2, 1, 3] 
[3, 2, 1] 
[1, 3, 2] 
[2, 1, 3] 
[3, 2, 1] 
[1, 3, 2] 
[2, 1, 3] 
[3, 2, 1] 
[1, 3, 2] 
[2, 1, 3] 
[3, 2, 1] 
[1, 3, 2] 
[2, 1, 3] 
[3, 2, 1] 
[1, 3, 2] 
[2, 1, 3] 
[3, 2, 1] 
[1, 3, 2] 
[2, 1, 3] 
[3, 2, 1] 
[1, 3, 2] 
[2, 1, 3] 
[3, 2, 1] 
[1, 3, 2] 
[2, 1, 3] 
[3, 2, 1] 
[1, 3, 2] 
[2, 1, 3] 
[3, 2, 1] 
[1, 3, 2] 
[2, 1, 3] 
[3, 2, 1] 
[1, 3, 2] 
[2, 1, 3] 
[3, 2, 1] 
[1, 3, 2] 
[2, 1, 3] 
[3, 2, 1] 
[1, 3, 2] 
[2, 1, 3] 
[3, 2, 1] 
[1, 3, 2] 
[2, 1, 3] 
[3, 2, 1] 
[1, 3, 2] 
[2, 1, 3] 
[3, 2, 1] 
[1, 3, 2] 
[2, 1, 3] 
[3, 2, 1] 
[1, 3, 2] 
[2, 1, 3] 
[3, 2, 1] 
[1, 3, 2] 
[2, 4, 3] 
[3, 5, 1] 
[1, 6, 2] 
[2, 7, 3] 
[3, 8, 1] 
[1, 9, 2] 
[2, 10, 3] 
[3, 11, 1] 
[1, 12, 2] 
[2, 13, 3] 
[3, 14, 1] 
[1, 15, 2] 
[2, 16, 3] 
[3, 17, 1] 
[1, 18, 2] 
[2, 19, 3] 
[3, 20, 1] 
[1, 21, 2] 
[2, 22, 3] 
[3, 23, 1] 
[1, 24, 2] 
[2, 25, 3] 
[3, 26, 4] 
[4, 27, 5] 
[1, 28, 6] 
[2, 1, 7] 
[3, 2, 1] 
[1, 3, 2] 
[2, 1, 3] 
[3, 2, 4] 
[4, 3, 5] 
[1, 4, 6] 
[2, 1, 7] 
[3, 2, 1] 
[1, 3, 2] 
[2, 1, 3] 
[3, 2, 1] 
[1, 3, 2] 
[2, 1, 3] 
[3, 2, 1] 
[1, 3, 2] 
[2, 1, 3] 
[3, 2, 1] 
[1, 3, 2] 
[2, 1, 3] 
[3, 2, 1] 
[1, 3, 2] 
[2, 1, 3] 
[3, 2, 4] 
[4, 3, 5] 
[1, 4, 6] 
[2, 1, 7] 
[3, 2, 1] 
[1, 3, 2] 
[2, 1, 3] 
[3, 2, 1] 
[1, 3, 2] 
[2, 1, 3] 
[3, 2, 1] 
[1, 3, 2] 
[2, 1, 3] 
[3, 2, 1] 
[1, 3, 2] 
[2, 1, 3] 
[3, 2, 1] 
[1, 3, 2] 
[2, 1, 3] 
[3, 2, 1] 
[1, 3, 2] 
[2, 1, 3] 
[3, 2, 1] 
[1, 3, 2] 
[2, 1, 3] 
[3, 2, 1] 
[1, 3, 2] 
[2, 1, 3] 
[3, 2, 1] 
[1, 3, 2] 
[2, 1, 3] 
[3, 2, 1] 
[1, 3, 2] 
[2, 1, 3] 
[3, 2, 1] 
[1, 3, 2] 
[2, 1, 3] 
[3, 2, 1] 
[1, 3, 2] 
[2, 1, 3] 
[3, 2, 1] 
[1, 3, 2] 
[2, 1, 3] 
[3, 2, 1] 
[1, 3, 2] 
[2, 1, 3] 
[3, 2, 1] 
[1, 3, 2] 
[2, 1, 3] 
[3, 2, 1] 
[1, 3, 2] 
[2, 1, 3] 
[3, 2, 1] 
[1, 3, 2] 
[2, 1, 3] 
[3, 2, 1] 
[1, 3, 2] 
[2, 1, 3] 
[3, 2, 4] 
[4, 3, 5] 
[1, 4, 6] 
[2, 1, 7] 
[3, 2, 1] 
[1, 3, 2] 
[2, 1, 3] 
[3, 2, 1] 
[1, 3, 2] 
[2, 1, 3] 
[3, 2, 1] 
[1, 3, 2] 
[2, 1, 3] 
[3, 2, 1] 
[1, 3, 2] 
[2, 1, 3] 
[3, 2, 1] 
[1, 3, 2] 
[2, 1, 3] 
[3, 2, 1] 
[1, 3, 2] 
[2, 1, 3] 
[3, 2, 1] 
[1, 3, 2] 
[2, 1, 3] 
[3, 2, 1] 
[1, 3, 2] 
[2, 1, 3] 
[3, 2, 4] 
[4, 3, 5] 
[1, 4, 6] 
[2, 1, 7] 
[3, 2, 1] 
[1, 3, 2] 
[2, 1, 3] 
[3, 2, 1] 
[1, 3, 2] 
[2, 1, 3] 
[3, 2, 1] 
[1, 3, 2] 
[2, 1, 3] 
[3, 2, 1] 
[1, 3, 2] 
[2, 1, 3] 
[3, 2, 1] 
[1, 3, 2] 
[2, 1, 3] 
[3, 2, 1] 
[1, 3, 2] 
[2, 1, 3] 
[3, 2, 1] 
[1, 3, 2] 
[2, 1, 3] 
[3, 2, 1] 
[1, 3, 2] 
[2, 1, 3] 
[3, 2, 1] 
[1, 3, 2] 
[2, 1, 3] 
[3, 2, 1] 
[1, 3, 2] 
[2, 1, 3] 
[3, 2, 1] 
[1, 3, 2] 
[2, 1, 3] 
[3, 2, 4] 
[4, 3, 5] 
[1, 4, 6] 
[2, 1, 7] 
[3, 2, 1] 
[1, 3, 2] 
[2, 1, 3] 
[3, 2, 1] 
[1, 3, 2] 
[2, 1, 3] 
[3, 2, 1] 
[1, 3, 2] 
[2, 1, 3] 
[3, 2, 1] 
[1, 3, 2] 
[2, 1, 3] 
[3, 2, 1] 
[1, 3, 2] 
[2, 1, 3] 
[3, 2, 1] 
[1, 3, 2] 
[2, 1, 3] 
[3, 2, 4] 
[4, 3, 5] 
[1, 4, 6] 
[2, 1, 7] 
[3, 2, 1] 
[1, 3, 2] 
[2, 1, 3] 
[3, 2, 1] 
[1, 3, 2] 
[2, 1, 3] 
[3, 2, 1] 
[1, 3, 2] 
[2, 1, 3] 
[3, 2, 1] 
[1, 3, 2] 
[2, 1, 3] 
[3, 2, 1] 
[1, 3, 2] 
[2, 1, 3] 
[3, 2, 1] 
[1, 3, 2] 
[2, 1, 3] 
[3, 2, 1] 
[1, 3, 2] 
[2, 1, 3] 
[3, 2, 1] 
[1, 3, 2] 
[2, 1, 3] 
[3, 2, 1] 
[1, 3, 2] 
[2, 1, 3] 
[3, 2, 1] 
[1, 3, 2] 
[2, 1, 3] 
[3, 2, 1] 
[1, 3, 2] 
[2, 1, 3] 
[3, 2, 1] 
[1, 3, 2] 
[2, 1, 3] 
[3, 2, 1] 
[1, 3, 2] 
[2, 1, 3] 
[3, 2, 1] 
[1, 3, 2] 
[2, 1, 3] 
[3, 2, 1] 
[1, 3, 2] 
[2, 1, 3] 
[3, 2, 1] 
[1, 3, 2] 
[2, 1, 3] 
[3, 2, 1] 
[4, 3, 2] 
[5, 1, 3] 
[6, 2, 1] 
[1, 3, 2] 
[2, 1, 3] 
[3, 2, 1] 
[1, 3, 2] 
[2, 1, 3] 
[3, 2, 1] 
[1, 3, 2] 
[2, 1, 3] 
[3, 2, 1] 
[1, 3, 2] 
[2, 1, 3] 
[3, 2, 1] 
[1, 3, 2] 
[2, 1, 3] 
[3, 2, 1] 
[1, 3, 2] 
[2, 1, 3] 
[3, 2, 1] 
[1, 3, 2] 
[2, 1, 3] 
[3, 2, 1] 
[1, 3, 2] 
[2, 1, 3] 
[3, 2, 1] 
[1, 3, 2] 
[2, 1, 3] 
[3, 2, 1] 
[1, 3, 2] 
[2, 1, 3] 
[3, 2, 1] 
[1, 3, 2] 
[2, 1, 3] 
[3, 2, 1] 
[1, 3, 2] 
[2, 1, 3] 
[3, 2, 1] 
[1, 3, 2] 
[2, 1, 3] 
[3, 2, 1] 
[1, 3, 2] 
[2, 1, 3] 
[3, 2, 4] 
[4, 3, 5] 
[1, 4, 6] 
[2, 1, 7] 
[3, 2, 1] 
[1, 3, 2] 
[2, 1, 3] 
[3, 2, 1] 
[1, 3, 2] 
[2, 1, 3] 
[3, 2, 1] 
[1, 3, 2] 
[2, 1, 3] 
[3, 2, 1] 
[1, 3, 2] 
[2, 1, 3] 
[3, 2, 1] 
[1, 3, 2] 
[2, 1, 3] 
[3, 2, 1] 
[1, 3, 2] 
[2, 1, 3] 
[3, 2, 1] 
[1, 3, 2] 
[2, 1, 3] 
[3, 2, 1] 
[1, 3, 2] 
[2, 1, 3] 
[3, 2, 1] 
[1, 3, 2] 
[2, 1, 3] 
[3, 2, 1] 
[1, 3, 2] 
[2, 1, 3] 
[3, 2, 1] 
[1, 3, 2] 
[2, 1, 3] 
[3, 2, 1] 
[1, 3, 2] 
[2, 1, 3] 
[3, 2, 1] 
[1, 3, 2] 
[2, 1, 3] 
[3, 2, 1] 
[1, 3, 2] 
[2, 1, 3] 
[3, 2, 1] 
[1, 3, 2] 
[2, 1, 3] 
[3, 2, 1] 
[1, 3, 2] 
[2, 1, 3] 
[3, 2, 1] 
[1, 3, 2] 
[2, 1, 3] 
[3, 2, 1] 
[1, 3, 2] 
[2, 1, 3] 
[3, 2, 1] 
[1, 3, 2] 
[2, 1, 3] 
[3, 2, 1] 
[1, 3, 2] 
[2, 1, 3] 
[3, 2, 1] 
[1, 3, 2] 
[2, 1, 3] 
[3, 2, 1] 
[1, 3, 2] 
[2, 1, 3] 
[3, 2, 1] 
[1, 3, 2] 
[2, 1, 3] 
[3, 2, 1] 
[1, 3, 2] 
[2, 1, 3] 
[3, 2, 1] 
[1, 3, 2] 
[2, 1, 3] 
[3, 2, 1] 
[1, 3, 2] 
[2, 1, 3] 
[3, 2, 1] 
[1, 3, 2] 
[2, 1, 3] 
[3, 2, 1] 
[1, 3, 2] 
[2, 1, 3] 
[3, 2, 1] 
[1, 3, 2] 
[2, 1, 3] 
[3, 2, 1] 
[1, 3, 2] 
[2, 1, 3] 
[3, 2, 1] 
[1, 3, 2] 
[2, 1, 3] 
[3, 2, 1] 
[1, 3, 2] 
[2, 1, 3] 
[3, 2, 1] 
[1, 3, 2] 
[2, 1, 3] 
[3, 2, 1] 
[1, 3, 2] 
[2, 1, 3] 
[3, 2, 1] 
[1, 3, 2] 
[2, 1, 3] 
[3, 2, 1] 
[1, 3, 2] 
[2, 1, 3] 
[3, 2, 1] 
[1, 3, 2] 
[2, 1, 3] 
[3, 2, 1] 
[1, 3, 2] 
[2, 1, 3] 
[3, 2, 1] 
[4, 3, 2] 
[5, 1, 3] 
[6, 2, 1] 
[1, 3, 2] 
[2, 1, 3] 
[3, 2, 1] 
[1, 3, 2] 
[2, 1, 3] 
[3, 2, 1] 
[1, 3, 2] 
[2, 1, 3] 
[3, 2, 1] 
[1, 3, 2] 
[2, 1, 3] 
[3, 2, 1] 
[1, 3, 2] 
[2, 1, 3] 
[3, 2, 1] 
[1, 3, 2] 
[2, 1, 3] 
[3, 2, 1] 
[1, 3, 2] 
[2, 1, 3] 
[3, 2, 1] 
[1, 3, 2] 
[2, 1, 3] 
[3, 2, 1] 
[4, 3, 2] 
[5, 1, 3] 
[6, 2, 1] 
[1, 3, 2] 
[2, 1, 3] 
[3, 2, 1] 
[1, 3, 2] 
[2, 1, 3] 
[3, 2, 1] 
[1, 3, 2] 
[2, 1, 3] 
[3, 2, 1] 
[1, 3, 2] 
[2, 1, 3] 
[3, 2, 1] 
[1, 3, 2] 
[2, 1, 3] 
[3, 2, 1] 
[1, 3, 2] 
[2, 1, 3] 
[3, 2, 1] 
[4, 3, 2] 
[5, 1, 3] 
[6, 2, 1] 
[7, 3, 2] 
[8, 1, 3] 
[9, 2, 1] 
[1, 3, 2] 
[2, 1, 3] 
[3, 2, 1] 
[1, 3, 2] 
[2, 1, 3] 
[3, 2, 1] 
[1, 3, 2] 
[2, 1, 3] 
[3, 2, 1] 
[1, 3, 2] 
[2, 1, 3] 
[3, 2, 1] 
[4, 3, 2] 
[5, 1, 3] 
[6, 2, 1] 
[1, 3, 2] 
[2, 1, 3] 
[3, 2, 1] 
[4, 3, 2] 
[5, 1, 3] 
[6, 2, 1] 
[7, 3, 2] 
[8, 1, 3] 
[9, 2, 1] 
[10, 3, 2] 
[11, 1, 3] 
[12, 2, 1] 
[13, 3, 2] 
[14, 1, 3] 
[15, 2, 1] 
[16, 3, 2] 
[17, 1, 3] 
[18, 2, 1] 
[19, 3, 2] 
[20, 1, 3] 
[21, 2, 1] 
[22, 3, 2] 
[23, 1, 3] 
[24, 2, 1] 
[25, 3, 2] 
[26, 1, 3] 
[27, 2, 1] 
[28, 3, 2] 
[29, 1, 3] 
[30, 2, 1] 
[31, 3, 2] 
[32, 4, 3] 
[33, 5, 1] 
[34, 6, 2] 
[35, 7, 3] 
[36, 8, 1] 
[37, 9, 2] 
[38, 10, 3] 
[39, 11, 1] 
[40, 12, 2] 
[41, 13, 3] 
[42, 14, 1] 
[43, 15, 2] 
[44, 16, 3] 
[45, 17, 1] 
[46, 18, 2] 
[47, 19, 3] 
[48, 20, 1] 
[49, 21, 2] 
[50, 22, 3] 
[51, 23, 4] 
[52, 24, 5] 
[1, 25, 6] 
[2, 1, 7] 
[3, 2, 1] 
[1, 3, 2] 
[2, 1, 3] 
[3, 2, 1] 
[1, 3, 2] 
[2, 1, 3] 
[3, 2, 1] 
[4, 3, 2] 
[5, 1, 3] 
[6, 2, 1] 
[1, 3, 2] 
[2, 1, 3] 
[3, 2, 1] 
[1, 3, 2] 
[2, 1, 3] 
[3, 2, 1] 
[1, 3, 2] 
[2, 1, 3] 
[3, 2, 1] 
[1, 3, 2] 
[2, 1, 3] 
[3, 2, 1] 
[4, 3, 2] 
[5, 1, 3] 
[6, 2, 1] 
[1, 3, 2] 
[2, 1, 3] 
[3, 2, 1] 
[1, 3, 2] 
[2, 1, 3] 
[3, 2, 1] 
[1, 3, 2] 
[2, 1, 3] 
[3, 2, 1] 
[1, 3, 2] 
[2, 1, 3] 
[3, 2, 1] 
[1, 3, 2] 
[2, 1, 3] 
[3, 2, 1] 
[1, 3, 2] 
[2, 1, 3] 
[3, 2, 1] 
[1, 3, 2] 
[2, 1, 3] 
[3, 2, 1] 
[1, 3, 2] 
[2, 1, 3] 
[3, 2, 1] 
[4, 3, 2] 
[5, 1, 3] 
[6, 2, 4] 
[7, 3, 5] 
[1, 4, 6] 
[2, 1, 7] 
[3, 2, 1] 
[1, 3, 2] 
[2, 1, 3] 
[3, 2, 1] 
[1, 3, 2] 
[2, 1, 3] 
[3, 2, 1] 
[1, 3, 2] 
[2, 1, 3] 
[3, 2, 1] 
[1, 3, 2] 
[2, 1, 3] 
[3, 2, 1] 
[1, 3, 2] 
[2, 1, 3] 
[3, 2, 1] 
[1, 3, 2] 
[2, 1, 3] 
[3, 2, 1] 
[1, 3, 2] 
[2, 1, 3] 
[3, 2, 1] 
[1, 3, 2] 
[2, 1, 3] 
[3, 2, 1] 
[1, 3, 2] 
[2, 1, 3] 
[3, 2, 1] 
[1, 3, 2] 
[2, 1, 3] 
[3, 2, 1] 
[1, 3, 2] 
[2, 1, 3] 
[3, 2, 1] 
[1, 3, 2] 
[2, 1, 3] 
[3, 2, 4] 
[4, 3, 5] 
[1, 4, 6] 
[2, 1, 7] 
[3, 2, 1] 
[1, 3, 2] 
[2, 1, 3] 
[3, 2, 1] 
[1, 3, 2] 
[2, 1, 3] 
[3, 2, 1] 
[1, 3, 2] 
[2, 1, 3] 
[3, 2, 1] 
[1, 3, 2] 
[2, 1, 3] 
[3, 2, 1] 
[1, 3, 2] 
[2, 1, 3] 
[3, 2, 1] 
[1, 3, 2] 
[2, 1, 3] 
[3, 2, 1] 
[1, 3, 2] 
[2, 1, 3] 
[3, 2, 1] 
[1, 3, 2] 
[2, 1, 3] 
[3, 2, 1] 
[1, 3, 2] 
[2, 1, 3] 
[3, 2, 1] 
[1, 3, 2] 
[2, 1, 3] 
[3, 2, 1] 
[1, 3, 2] 
[2, 1, 3] 
[3, 2, 4] 
[4, 3, 5] 
[1, 4, 6] 
[2, 1, 7] 
[3, 2, 1] 
[1, 3, 2] 
[2, 1, 3] 
[3, 2, 1] 
[1, 3, 2] 
[2, 1, 3] 
[3, 2, 1] 
[1, 3, 2] 
[2, 1, 3] 
[3, 2, 1] 
[1, 3, 2] 
[2, 1, 3] 
[3, 2, 1] 
[1, 3, 2] 
[2, 1, 3] 
[3, 2, 1] 
[1, 3, 2] 
[2, 1, 3] 
[3, 2, 4] 
[4, 3, 5] 
[1, 4, 6] 
[2, 1, 7] 
[3, 2, 1] 
[1, 3, 2] 
[2, 1, 3] 
[3, 2, 1] 
[1, 3, 2] 
[2, 1, 3] 
[3, 2, 1] 
[1, 3, 2] 
[2, 1, 3] 
[3, 2, 1] 
[1, 3, 2] 
[2, 1, 3] 
[3, 2, 1] 
[1, 3, 2] 
[2, 1, 3] 
[3, 2, 1] 
[1, 3, 2] 
[2, 1, 3] 
[3, 2, 1] 
[1, 3, 2] 
[2, 1, 3] 
[3, 2, 4] 
[4, 3, 5] 
[1, 4, 6] 
[2, 1, 7] 
[3, 2, 1] 
[1, 3, 2] 
[2, 1, 3] 
[3, 2, 1] 
[1, 3, 2] 
[2, 1, 3] 
[3, 2, 1] 
[1, 3, 2] 
[2, 1, 3] 
[3, 2, 1] 
[1, 3, 2] 
[2, 1, 3] 
[3, 2, 1] 
[1, 3, 2] 
[2, 1, 3] 
[3, 2, 1] 
[1, 3, 2] 
[2, 1, 3] 
[3, 2, 1] 
[1, 3, 2] 
[2, 1, 3] 
[3, 2, 1] 
[1, 3, 2] 
[2, 1, 3] 
[3, 2, 1] 
[1, 3, 2] 
[2, 1, 3] 
[3, 2, 1] 
