2.0 
2.166666666666667 
2.2222222222222228 
2.166666666666667 
2.1333333333333337 
2.111111111111111 
2.238095238095238 
2.4583333333333335 
2.592592592592593 
2.666666666666667 
2.6060606060606064 
2.555555555555556 
2.512820512820513 
2.4761904761904767 
2.4444444444444446 
2.416666666666667 
2.450980392156863 
2.537037037037037 
2.5964912280701755 
2.6333333333333337 
2.6031746031746033 
2.575757575757576 
2.5507246376811596 
2.527777777777778 
2.506666666666667 
2.4871794871794872 
2.506172839506173 
2.5595238095238098 
2.5977011494252875 
2.6222222222222222 
2.602150537634409 
2.5833333333333335 
2.5656565656565657 
2.5490196078431375 
2.5333333333333337 
2.5185185185185186 
2.5045045045045047 
2.491228070175439 
2.4786324786324787 
2.466666666666667 
2.4552845528455287 
2.4444444444444446 
2.4341085271317833 
2.4242424242424248 
2.4148148148148154 
2.4057971014492763 
2.397163120567377 
2.3888888888888897 
2.380952380952382 
2.3733333333333344 
2.3660130718954258 
2.35897435897436 
2.352201257861636 
2.34567901234568 
2.3393939393939407 
2.333333333333335 
2.3274853801169604 
2.3218390804597715 
2.3163841807909615 
2.3111111111111122 
2.30601092896175 
2.3010752688172054 
2.2962962962962976 
2.291666666666668 
2.2871794871794884 
2.2828282828282838 
2.2786069651741303 
2.27450980392157 
2.2705314009661848 
2.266666666666668 
2.262910798122067 
2.2592592592592604 
2.2557077625570785 
2.2522522522522532 
2.24888888888889 
2.2456140350877205 
2.242424242424244 
2.239316239316241 
2.236286919831225 
2.233333333333335 
2.230452674897121 
2.227642276422766 
2.2248995983935758 
2.2222222222222237 
2.2196078431372563 
2.217054263565893 
2.214559386973182 
2.212121212121214 
2.209737827715358 
2.2074074074074095 
2.205128205128207 
2.20289855072464 
2.2007168458781385 
2.1985815602836905 
2.196491228070178 
2.194444444444447 
2.1924398625429578 
2.190476190476193 
2.1885521885521912 
2.186666666666669 
2.184818481848187 
2.1830065359477144 
2.1812297734627855 
2.179487179487182 
2.1777777777777803 
2.17610062893082 
2.1744548286604384 
2.1728395061728416 
2.1712538226299714 
2.1696969696969717 
2.16816816816817 
2.1666666666666687 
2.1651917404129817 
2.163742690058482 
2.1623188405797125 
2.1609195402298873 
2.1680911680911703 
2.175141242937855 
2.1820728291316547 
2.1805555555555576 
2.179063360881545 
2.1775956284153026 
2.1761517615176174 
2.1747311827957008 
2.173333333333335 
2.171957671957674 
2.1706036745406845 
2.1692708333333353 
2.167958656330751 
2.1666666666666687 
2.1653944020356253 
2.164141414141416 
2.1629072681704278 
2.161691542288559 
2.160493827160496 
2.159313725490198 
2.1581508515815107 
2.1570048309178764 
2.155875299760194 
2.154761904761907 
2.153664302600475 
2.1525821596244152 
2.1515151515151536 
2.150462962962965 
2.149425287356324 
2.1484018264840206 
2.1473922902494356 
2.146396396396399 
2.145413870246087 
2.1444444444444466 
2.1434878587196486 
2.1425438596491246 
2.141612200435732 
2.1406926406926425 
2.1397849462365612 
2.1388888888888906 
2.1380042462845026 
2.1371308016877655 
2.1362683438155154 
2.1354166666666687 
2.13457556935818 
2.13374485596708 
2.132924335378325 
2.132113821138214 
2.1313131313131337 
2.130522088353416 
2.129740518962078 
2.128968253968256 
2.1282051282051304 
2.127450980392159 
2.1267056530214448 
2.125968992248064 
2.1252408477842026 
2.1245210727969375 
2.1238095238095265 
2.123106060606063 
2.1224105461393625 
2.1217228464419504 
2.1210428305400404 
2.120370370370374 
2.119705340699819 
2.119047619047622 
2.1183970856102037 
2.117753623188409 
2.1171171171171204 
2.1164874551971358 
2.1158645276292365 
2.1152482269503574 
2.114638447971784 
2.1140350877193006 
2.113438045375221 
2.112847222222225 
2.1122625215889492 
2.1168384879725113 
2.121367521367524 
2.1258503401360573 
2.125211505922169 
2.1245791245791277 
2.1239530988274735 
2.123333333333336 
2.122719734660036 
2.1221122112211246 
2.1215106732348135 
2.120915032679741 
2.120325203252035 
2.124595469255666 
2.128824476650566 
2.133012820512823 
2.1419457735247236 
2.150793650793654 
2.1595576619273333 
2.1729559748427705 
2.1862284820031332 
2.1993769470405016 
2.198449612403104 
2.197530864197534 
2.196620583717361 
2.2003058103975563 
2.203957382039577 
2.2075757575757606 
2.2156862745098067 
2.223723723723727 
2.2316890881913336 
2.244047619047622 
2.2562962962962994 
2.268436578171095 
2.284875183553601 
2.301169590643278 
2.3173216885007313 
2.3376811594202933 
2.357864357864361 
2.3778735632183943 
2.4020028612303324 
2.425925925925929 
2.449645390070925 
2.477401129943506 
2.5049226441631536 
2.5322128851540646 
2.5634588563458887 
2.5944444444444477 
2.62517289073306 
2.6225895316804437 
2.6200274348422528 
2.6174863387978173 
2.619047619047622 
2.620596205962063 
2.622132253711204 
2.6276881720430136 
2.6331994645247687 
2.6426666666666696 
2.65604249667995 
2.660052910052913 
2.662714097496709 
2.6692913385826804 
2.6797385620915066 
2.6888020833333366 
2.6964980544747115 
2.693798449612406 
2.6911196911196944 
2.6884615384615413 
2.685823754789275 
2.683206106870232 
2.6806083650190144 
2.678030303030306 
2.6754716981132107 
2.6729323308270705 
2.67041198501873 
2.667910447761197 
2.6654275092936834 
2.662962962962966 
2.6605166051660545 
2.6580882352941204 
2.6556776556776587 
2.6532846715328495 
2.650909090909094 
2.6485507246376843 
2.646209386281592 
2.643884892086334 
2.641577060931903 
2.6392857142857173 
2.637010676156587 
2.634751773049649 
2.6325088339222646 
2.630281690140848 
2.6280701754385998 
2.625874125874129 
2.623693379790944 
2.621527777777781 
2.619377162629761 
2.617241379310348 
2.6151202749140925 
2.61301369863014 
2.6109215017064877 
2.608843537414969 
2.6067796610169522 
2.604729729729733 
2.606060606060609 
2.61073825503356 
2.6142697881828347 
2.61666666666667 
2.6146179401993384 
2.612582781456956 
2.610561056105613 
2.60855263157895 
2.606557377049183 
2.6045751633986955 
2.602605863192185 
2.6006493506493533 
2.5987055016181255 
2.5967741935483897 
2.5948553054662407 
2.5929487179487203 
2.5910543130990438 
2.589171974522295 
2.5873015873015897 
2.585443037974686 
2.5835962145110436 
2.5817610062893106 
2.5799373040752376 
2.5781250000000027 
2.5763239875389434 
2.5745341614906856 
2.572755417956659 
2.57098765432099 
2.5692307692307716 
2.5674846625766894 
2.5657492354740086 
2.564024390243905 
2.5623100303951394 
2.560606060606063 
2.561933534743205 
2.5662650602409665 
2.5695695695695724 
2.571856287425153 
2.5701492537313464 
2.568452380952384 
2.566765578635018 
2.565088757396453 
2.5634218289085577 
2.561764705882356 
2.560117302052789 
2.5584795321637457 
2.5568513119533556 
2.5552325581395374 
2.5536231884058 
2.5520231213872857 
2.5504322766570633 
2.548850574712646 
2.5472779369627534 
2.5457142857142885 
2.5441595441595473 
2.54261363636364 
2.5410764872521283 
2.539548022598874 
2.5380281690140882 
2.536516853932588 
2.5350140056022448 
2.5335195530726295 
2.532033426183848 
2.5305555555555594 
2.529085872576181 
2.5303867403314952 
2.5344352617079924 
2.537545787545791 
2.5397260273972635 
2.5382513661202215 
2.536784741144417 
2.5353260869565246 
2.5338753387533903 
2.532432432432435 
2.530997304582213 
2.529569892473121 
2.52815013404826 
2.5267379679144413 
2.525333333333336 
2.5239361702127683 
2.5225464190981457 
2.5211640211640236 
2.519788918205807 
2.5184210526315813 
2.5170603674540706 
2.515706806282725 
2.514360313315929 
2.5130208333333357 
2.511688311688314 
2.5103626943005204 
2.509043927648581 
2.507731958762889 
2.5064267352185112 
2.5051282051282073 
2.503836317135552 
2.502551020408166 
2.503816793893132 
2.507614213197972 
2.5105485232067535 
2.512626262626265 
2.511335012594461 
2.510050251256284 
2.508771929824564 
2.5075000000000025 
2.50623441396509 
2.504975124378112 
2.5037220843672485 
2.5024752475247554 
2.5012345679012373 
2.5000000000000027 
2.4987714987715015 
2.497549019607846 
2.4987775061124724 
2.502439024390247 
2.5052716950527203 
2.5072815533980615 
2.5060532687651365 
2.5048309178743993 
2.5036144578313286 
2.5024038461538494 
2.501199040767389 
2.500000000000003 
2.4988066825775688 
2.4976190476190507 
2.496437054631832 
2.4952606635071124 
2.4940898345153695 
2.49292452830189 
2.491764705882356 
2.490610328638501 
2.4894613583138203 
2.488317757009349 
2.4871794871794903 
2.4860465116279102 
2.4849187935034833 
2.4837962962962994 
2.4826789838337215 
2.481566820276501 
2.480459770114946 
2.479357798165141 
2.4782608695652204 
2.4771689497716927 
2.4760820045558116 
2.475000000000003 
2.4739229024943343 
2.472850678733035 
2.471783295711064 
2.4707207207207236 
2.4696629213483177 
2.4686098654708553 
2.4675615212527995 
2.4665178571428603 
2.465478841870827 
2.4644444444444473 
2.4634146341463445 
2.4623893805309764 
2.4613686534216366 
2.460352422907492 
2.459340659340662 
2.458333333333336 
2.4573304157549263 
2.4563318777292604 
2.4553376906318114 
2.4543478260869596 
2.453362255965296 
2.452380952380955 
2.4514038876889876 
2.4504310344827616 
2.4494623655914007 
2.448497854077256 
2.4475374732334076 
2.4465811965811994 
2.4456289978678067 
2.4446808510638327 
2.443736730360937 
2.4427966101694945 
2.441860465116282 
2.440928270042197 
2.440000000000003 
2.4390756302521037 
2.4381551362683465 
2.4372384937238523 
2.436325678496871 
2.4354166666666694 
2.434511434511437 
2.433609958506227 
2.432712215320914 
2.4318181818181848 
2.4309278350515493 
2.430041152263377 
2.42915811088296 
2.428278688524593 
2.427402862985688 
2.4265306122449006 
2.425661914460288 
2.4247967479674823 
2.4239350912778934 
2.423076923076926 
2.422222222222225 
2.421370967741938 
2.420523138833001 
2.4196787148594403 
2.418837675350704 
2.418000000000003 
2.4171656686626775 
2.4163346613545844 
2.4174950298210764 
2.420634920634923 
2.423102310231026 
2.4249011857707536 
2.4240631163708115 
2.4232283464566957 
2.422396856581535 
2.421568627450983 
2.420743639921725 
2.4199218750000027 
2.4191033138401585 
2.418287937743193 
2.4174757281553423 
2.416666666666669 
2.415860735009674 
2.415057915057918 
2.4142581888246655 
2.413461538461541 
2.4126679462572005 
2.411877394636018 
2.4110898661567903 
2.410305343511453 
2.409523809523812 
2.4087452471482917 
2.407969639468693 
2.4071969696969724 
2.4064272211720255 
2.405660377358493 
2.404896421845577 
2.404135338345867 
2.4033771106941866 
2.4026217228464444 
2.4018691588785073 
2.4011194029850773 
2.402234636871511 
2.4052044609665453 
2.4075448361162675 
2.4092592592592617 
2.408502772643256 
2.4077490774907773 
2.4069981583793765 
2.4062500000000027 
2.4055045871559657 
2.4047619047619073 
2.4040219378427814 
2.403284671532849 
2.4025500910746835 
2.4018181818181845 
2.4010889292196036 
2.4003623188405827 
2.3996383363472 
2.3989169675090283 
2.3981981981982012 
2.399280575539571 
2.402154398563737 
2.4044205495818427 
2.406082289803223 
2.4053571428571456 
2.404634581105172 
2.4039145907473336 
2.403197158081708 
2.4024822695035493 
2.401769911504428 
2.401060070671382 
2.400352733686071 
2.399647887323947 
2.3989455184534307 
2.3982456140350914 
2.3975481611208442 
2.3968531468531507 
2.3961605584642274 
2.3954703832752653 
2.3947826086956563 
2.3940972222222263 
2.3934142114384787 
2.3927335640138447 
2.39205526770294 
2.3913793103448313 
2.39070567986231 
2.390034364261172 
2.389365351629506 
2.38869863013699 
2.3880341880341915 
2.3873720136518806 
2.3867120954003442 
2.3860544217687107 
2.3853989813242817 
2.384745762711868 
2.384094754653134 
2.3834459459459496 
2.3827993254637474 
2.382154882154886 
2.381512605042021 
2.3808724832214803 
2.38023450586265 
2.3795986622073615 
2.378964941569286 
2.378333333333337 
2.3777038269550785 
2.377076411960137 
2.3764510779436194 
2.3758278145695404 
2.375206611570252 
2.3745874587458786 
2.37397034596376 
2.3733552631578987 
2.3727422003284113 
2.372131147540988 
2.3715220949263545 
2.3709150326797426 
2.370309951060363 
2.3697068403908834 
2.3691056910569146 
2.3685064935064974 
2.3679092382495988 
2.367313915857609 
2.366720516962847 
2.366129032258068 
2.365539452495978 
2.3649517684887496 
2.364365971107548 
2.363782051282055 
2.3632000000000035 
2.3626198083067127 
2.3620414673046284 
2.3614649681528697 
2.360890302066776 
2.3603174603174635 
2.359746434231382 
2.3591772151898764 
2.3586097946287548 
2.3580441640378575 
2.3574803149606325 
2.356918238993713 
2.356357927786502 
2.355799373040755 
2.355242566510175 
2.354687500000003 
2.3541341653666175 
2.353582554517137 
2.353032659409023 
2.3524844720496922 
2.351937984496127 
2.351393188854492 
2.3508500772797554 
2.3503086419753116 
2.3497688751926074 
2.350769230769234 
2.3533026113671305 
2.3553169734151362 
2.356814701378257 
2.35626911314985 
2.355725190839698 
2.355182926829271 
2.354642313546426 
2.3541033434650482 
2.353566009104707 
2.353030303030306 
2.352496217851743 
2.351963746223568 
2.3514328808446483 
2.350903614457834 
2.3503759398496267 
2.3498498498498526 
2.349325337331337 
2.3502994011976077 
2.351270553064278 
2.352238805970152 
2.351713859910584 
2.351190476190479 
2.350668647845471 
2.350148367952525 
2.349629629629632 
2.349112426035506 
2.3485967503692793 
2.3480825958702094 
2.3475699558173817 
2.347058823529415 
2.3465491923641735 
2.346041055718478 
2.345534407027821 
2.3450292397660846 
2.344525547445258 
2.344023323615163 
2.3435225618631756 
2.343023255813956 
2.3425253991291752 
2.342028985507249 
2.3415340086830705 
2.341040462427748 
2.340548340548343 
2.3400576368876105 
2.3395683453237432 
2.339080459770117 
2.3385939741750383 
2.3381088825214924 
2.337625178826898 
2.3371428571428594 
2.336661911554924 
2.3361823361823384 
2.3357041251778115 
2.3352272727272747 
2.334751773049647 
2.3342776203966027 
2.333804809052336 
2.3333333333333357 
2.3328631875881545 
2.3323943661971853 
2.3333333333333357 
2.335674157303373 
2.337540906965874 
2.3389355742296942 
2.338461538461541 
2.3379888268156446 
2.3375174337517457 
2.3370473537604477 
2.336578581363006 
2.336111111111113 
2.3356449375866872 
2.3351800554016644 
2.3347164591977894 
2.3342541436464113 
2.3337931034482784 
2.3333333333333357 
2.3328748280605254 
2.3324175824175852 
2.3319615912208533 
2.3315068493150712 
2.3310533515731904 
2.330601092896178 
2.330150068212827 
2.3297002724795672 
2.3292517006802753 
2.32880434782609 
2.328358208955227 
2.3279132791327943 
2.3288227334235483 
2.3310810810810842 
2.3328834907782308 
2.3342318059299223 
2.3337819650067324 
2.3333333333333366 
2.332885906040272 
2.3324396782841856 
2.3319946452476605 
2.331550802139041 
2.332443257676906 
2.33466666666667 
2.3364403018197994 
2.337765957446812 
2.337317397078357 
2.3368700265252027 
2.3364238410596063 
2.3359788359788394 
2.3355350066050233 
2.335092348284964 
2.3346508563899904 
2.334210526315793 
2.3337713534822635 
2.3333333333333366 
2.3328964613368317 
2.3324607329842966 
2.332026143790853 
2.3315926892950425 
2.331160365058673 
2.332031250000003 
2.3342002600780263 
2.335930735930739 
2.3372243839169937 
2.336787564766842 
2.336351875808541 
2.3359173126615014 
2.3354838709677446 
2.3350515463917554 
2.3346203346203374 
2.3341902313624705 
2.3337612323491683 
2.333333333333336 
2.3329065300896317 
2.332480818414325 
2.3320561941251627 
2.3329081632653095 
2.335031847133761 
2.3367260390161184 
2.3379923761118198 
2.3375634517766524 
2.337135614702157 
2.3367088607594964 
2.3362831858407107 
2.3358585858585887 
2.335435056746535 
2.335012594458441 
2.334591194968556 
2.3341708542713593 
2.333751568381433 
2.3333333333333357 
2.3329161451814793 
2.3325000000000027 
2.3320848938826493 
2.331670822942646 
2.3312577833125805 
2.330845771144281 
2.3304347826086977 
2.3312655086848655 
2.3333333333333353 
2.334983498349837 
2.336217552533995 
2.335802469135805 
2.3353884093711494 
2.334975369458131 
2.3345633456334594 
2.3341523341523374 
2.3337423312883465 
2.3333333333333366 
2.3329253365973104 
2.332518337408316 
2.332112332112335 
2.3317073170731737 
2.3313032886723537 
2.3309002433090056 
2.33049817739976 
2.330097087378644 
2.329696969696973 
2.329297820823248 
2.3288996372430506 
2.328502415458941 
2.328106151990353 
2.3277108433734974 
2.327316486161255 
2.3269230769230806 
2.326530612244902 
2.3261390887290205 
2.3257485029940157 
2.325358851674645 
2.326164874551975 
2.328162291169455 
2.3297576479936475 
2.330952380952385 
2.330558858501788 
2.3301662707838524 
2.329774614472128 
2.3293838862559286 
2.328994082840241 
2.328605200945631 
2.328217237308151 
2.3278301886792496 
2.3274440518256814 
2.327058823529416 
2.326674500587548 
2.3262910798122105 
2.3259085580304846 
2.3255269320843133 
2.3251461988304136 
2.3247663551401914 
2.3243873978996543 
2.3240093240093285 
2.3236321303841723 
2.3232558139534927 
2.3228803716608635 
2.322505800464041 
2.3221320973348822 
2.321759259259263 
2.321387283236998 
2.3210161662817588 
2.320645905420996 
2.321428571428575 
2.3233601841196814 
2.324904214559391 
2.326061997703792 
2.325688073394499 
2.32531500572738 
2.324942791762017 
2.324571428571432 
2.3242009132420125 
2.3238312428734353 
2.3234624145785907 
2.323094425483507 
2.3227272727272754 
2.3223609534619776 
2.3219954648526104 
2.321630804077013 
2.3212669683257943 
2.3209039548022625 
2.3205417607223504 
2.320180383314546 
2.3198198198198225 
2.319460067491566 
2.3191011235955084 
2.3187429854096546 
2.3183856502242177 
2.318029115341548 
2.317673378076065 
2.3173184357541925 
2.3169642857142883 
2.31661092530658 
2.316258351893098 
2.3159065628476108 
2.3155555555555583 
2.3152053274139868 
2.3148558758314883 
2.314507198228131 
2.314159292035401 
2.313812154696135 
2.3134657836644617 
2.3142227122381502 
2.3149779735682845 
2.315731573157318 
2.315384615384618 
2.3150384193194316 
2.3146929824561426 
2.314348302300112 
2.3140043763676172 
2.313661202185795 
2.313318777292579 
2.312977099236644 
2.3126361655773446 
2.31229597388466 
2.3119565217391327 
2.3116178067318156 
2.3112798264642107 
2.310942578548215 
2.310606060606063 
2.310270270270273 
2.3099352051835877 
2.3096008629989235 
2.3092672413793127 
2.3089343379978495 
2.308602150537637 
2.308270676691732 
2.3079399141630925 
2.3076098606645257 
2.307280513918632 
2.3069518716577564 
2.306623931623934 
2.306296691568839 
2.3059701492537337 
2.3056443024494166 
2.3053191489361726 
2.304994686503722 
2.30467091295117 
2.3043478260869588 
2.304025423728816 
2.303703703703706 
2.3033826638477826 
2.3030623020063383 
2.3027426160337576 
2.3034773445732375 
2.3042105263157917 
2.304942166140907 
2.3046218487394983 
2.3043022035676834 
2.303983228511533 
2.303664921465971 
2.3033472803347306 
2.3030303030303054 
2.3027139874739064 
2.3023983315954144 
2.3020833333333357 
2.301768990634758 
2.3014553014553036 
2.3011422637590884 
2.3008298755186747 
2.3005181347150283 
2.3002070393374763 
2.299896587383663 
2.2995867768595066 
2.299277605779156 
2.298969072164951 
2.298661174047376 
2.298353909465023 
2.298047276464545 
2.2977412731006184 
2.2974358974359 
2.297131147540986 
2.296827021494373 
2.2965235173824152 
2.296220633299287 
2.295918367346941 
2.2956167176350686 
2.2953156822810614 
2.296032553407937 
2.2977642276422787 
2.299153976311339 
2.3002028397565946 
2.2998986828774086 
2.299595141700407 
2.2992922143579397 
2.2989898989899014 
2.2986881937436956 
2.2983870967741957 
2.298086606243708 
2.297786720321934 
2.2974874371859317 
2.2971887550200827 
2.2968906720160502 
2.2965931863727476 
2.2962962962962985 
2.2960000000000025 
2.295704295704298 
2.295409181636729 
2.2951146560319065 
2.2948207171314765 
2.294527363184082 
2.2942345924453305 
2.2939424031777578 
2.2936507936507957 
2.2933597621407356 
2.293069306930695 
2.292779426310586 
2.2924901185770774 
2.292201382033566 
2.2919132149901404 
2.291625615763549 
2.2913385826771675 
2.292035398230091 
2.2937131630648353 
2.2950605168465836 
2.296078431372551 
2.2957884427032345 
2.295499021526421 
2.2952101661779105 
2.294921875000002 
2.2946341463414655 
2.294346978557507 
2.2940603700097393 
2.29377431906615 
2.2934888241010714 
2.293203883495148 
2.292919495635308 
2.292635658914731 
2.2923523717328194 
2.2920696324951666 
2.291787439613529 
2.292471042471045 
2.2941176470588256 
2.2954399486191415 
2.296438883541869 
2.296153846153848 
2.2958693563880908 
2.2955854126679482 
2.295302013422821 
2.2950191570881247 
2.2947368421052654 
2.2944550669216084 
2.2941738299904513 
2.2938931297709946 
2.293612964728315 
2.2933333333333357 
2.2930542340627995 
2.2927756653992417 
2.2924976258309613 
2.2922201138519944 
2.2919431279620874 
2.2916666666666687 
2.291390728476823 
2.2911153119092647 
2.2908404154863096 
2.290566037735851 
2.290292177191331 
2.290018832391716 
2.2897460018814697 
2.2894736842105283 
2.2892018779342744 
2.2889305816135104 
2.288659793814435 
2.2883895131086165 
2.2881197380729676 
2.2878504672897217 
2.2875816993464073 
2.287313432835823 
2.2870456663560135 
2.2867783985102443 
2.286511627906979 
2.287174721189593 
2.2887650882079873 
2.290043290043292 
2.2910101946246546 
2.290740740740743 
2.290471785383906 
2.290203327171906 
2.2899353647276106 
2.289667896678969 
2.2894009216589883 
2.289134438305711 
2.2888684452621915 
2.288602941176473 
2.288337924701563 
2.288073394495415 
2.2878093492209004 
2.2875457875457896 
2.2872827081427287 
2.287020109689216 
2.286757990867582 
2.2864963503649656 
2.286235186873293 
2.285974499089255 
2.285714285714288 
2.2854545454545474 
2.2851952770208923 
2.284936479128859 
2.284678150498642 
2.2844202898550745 
2.284162895927604 
2.2839059674502735 
2.283649503161701 
2.2833935018050564 
2.283137962128045 
2.282882882882885 
2.2826282628262846 
2.2823741007194265 
2.2821203953279445 
2.2818671454219053 
2.281614349775787 
2.2813620071684606 
2.2811101163831706 
2.2808586762075147 
2.281501340482575 
2.2830357142857154 
2.2842699970264655 
2.2852049910873453 
2.2849510240427438 
2.2846975088967985 
2.284444444444446 
2.2841918294849037 
2.283939662821652 
2.283687943262413 
2.2843224092116934 
2.2858407079646033 
2.2870615974064266 
2.2879858657243832 
2.28773168578994 
2.2874779541446224 
2.2872246696035257 
2.2869718309859173 
2.286719437115217 
2.2864674868189825 
2.286215978928887 
2.2859649122807038 
2.285714285714288 
2.285464098073557 
2.2852143482064764 
2.2849650349650372 
2.2847161572052426 
2.284467713787088 
2.2842197035745446 
2.2839721254355423 
2.2837249782419518 
2.2834782608695674 
2.283231972198091 
2.2829861111111134 
2.2827406764960996 
2.28249566724437 
2.2822510822510846 
2.282006920415227 
2.2817631806395875 
2.281519861830745 
2.2812769628990535 
2.2810344827586233 
2.2807924203273067 
2.280550774526681 
2.280309544282032 
2.2800687285223393 
2.2798283261802603 
2.2795883361921123 
2.2793487574978606 
2.2791095890410986 
2.278870829769036 
2.278632478632481 
2.2783945345858267 
2.2781569965870334 
2.277919863597616 
2.2776831345826265 
2.2774468085106414 
2.2772108843537446 
2.276975361087514 
2.276740237691005 
2.2765055131467378 
2.276271186440681 
2.2760372565622387 
2.275803722504233 
2.275570583262894 
2.275337837837841 
2.2751054852320705 
2.2748735244519422 
2.274641954507164 
2.2744107744107773 
2.2741799831791454 
2.273949579831936 
2.2737195633921106 
2.273489932885909 
2.273260687342836 
2.2730318257956474 
2.2728033472803375 
2.272575250836123 
2.272347535505433 
2.2721202003338923 
2.271893244370311 
2.2716666666666687 
2.2714404662781034 
2.271214642262897 
2.270989193682462 
2.2707641196013304 
2.2705394190871386 
2.2703150912106156 
2.2700911350455693 
2.2698675496688763 
2.2696443341604655 
2.269421487603308 
2.269199009083404 
2.2689768976897713 
2.268755152514429 
2.268533772652391 
2.2683127572016484 
2.26809210526316 
2.26787181594084 
2.267651888341546 
2.2674323215750642 
2.267213114754101 
2.2669942669942698 
2.266775777414078 
2.2665576451349168 
2.2663398692810484 
2.2661224489795946 
2.2659053833605247 
2.265688671556645 
2.2654723127035856 
2.265256305939791 
2.265040650406507 
2.2648253452477687 
2.264610389610392 
2.2643957826439602 
2.264181523500813 
2.263967611336035 
2.2637540453074463 
2.263540824575589 
2.2633279483037185 
2.2631154156577913 
2.262903225806454 
2.2634971796937977 
2.264895330112724 
2.266023062483242 
2.266881028938909 
2.2666666666666693 
2.266452648475123 
2.26623897353649 
2.2660256410256436 
2.2658126501200986 
2.2656000000000027 
2.265387689848124 
2.265175718849843 
2.264964086193139 
2.2647527910685827 
2.264541832669325 
2.264331210191085 
2.2641209228321424 
2.2639109697933253 
2.263701350278001 
2.263492063492066 
2.263283108643936 
2.2630744849445352 
2.262866191607287 
2.262658227848104 
2.2624505928853784 
2.2622432859399715 
2.2620363062352045 
2.2618296529968487 
2.2616233254531157 
2.2614173228346486 
2.261211644374511 
2.261006289308179 
2.26080125687353 
2.260596546310835 
2.260392156862748 
2.2601880877742975 
2.2599843382928766 
2.259780907668234 
2.2595777951524654 
2.2593750000000026 
2.259172521467606 
2.2589703588143553 
2.2587685113016396 
2.258566978193149 
2.2583657587548664 
2.258164852255057 
2.2579642579642605 
2.257763975155282 
2.2575640031031834 
2.2573643410852737 
2.2571649883811022 
2.2569659442724483 
2.2567672080433128 
2.2565687789799096 
2.2563706563706587 
2.256172839506175 
2.255975327679262 
2.255778120184902 
2.2555812163202487 
2.2553846153846178 
2.25518831667948 
2.254992319508451 
2.2547966231772856 
2.2546012269938673 
2.2544061302682015 
2.2542113323124062 
2.254016832440706 
2.2538226299694215 
2.253628724216962 
2.2534351145038194 
2.2532418001525576 
2.2530487804878074 
2.252856054836255 
2.2526636225266383 
2.252471482889736 
2.2522796352583607 
2.2520880789673523 
2.2518968133535684 
2.2517058377558783 
2.251515151515154 
2.2513247539742647 
2.2511346444780664 
2.2509448223733965 
2.250755287009066 
2.250566037735852 
2.2503770739064883 
2.250188394875662 
2.2500000000000027 
2.2498118886380767 
2.249624060150379 
2.2494365138993273 
2.2492492492492526 
2.249062265566395 
2.248875562218894 
2.2486891385767827 
2.2485029940119796 
2.248317127898283 
2.2481315396113635 
2.247946228528756 
2.247761194029854 
2.247576435495902 
2.2473919523099886 
2.24720774385704 
2.247023809523813 
2.246840148698888 
2.2466567607726633 
2.246473645137346 
2.2462908011869476 
2.246108228317276 
2.24592592592593 
2.2457438934122913 
2.245562130177519 
2.2453806356245423 
2.245199409158054 
2.2450184501845056 
2.244837758112098 
2.2446573323507772 
2.244477172312227 
2.244297277409863 
2.2441176470588267 
2.2439382806759767 
2.2437591776798858 
2.2435803374908323 
2.243401759530795 
2.2432234432234464 
2.2430453879941465 
2.242867593269937 
2.242690058479535 
2.2425127830533267 
2.2423357664233605 
2.2428884026258236 
2.2441690962099154 
2.2452051468803136 
2.2459970887918517 
2.245818181818185 
2.2456395348837237 
2.2454611474219344 
2.2452830188679274 
2.245105148658451 
2.244927536231887 
2.2447501810282433 
2.244573082489149 
2.2443962400578483 
2.2442196531791936 
2.244043321299642 
2.2438672438672467 
2.243691420331654 
2.243515850144095 
2.2433405327573825 
2.2431654676259027 
2.2429906542056113 
2.242816091954027 
2.2426417803302265 
2.2424677187948387 
2.2422939068100396 
2.2421203438395456 
2.241947029348608 
2.2417739628040096 
2.241601143674057 
2.2414285714285755 
2.241256245538905 
2.241084165477893 
2.2409123307198904 
2.2407407407407454 
2.2405693950177983 
2.2403982930298767 
2.2402274342572897 
2.240056818181823 
2.2398864442867326 
2.2397163120567423 
2.2395464209780345 
2.2393767705382484 
2.2392073602264735 
2.239038189533244 
2.2388692579505354 
2.238700564971757 
2.238532110091749 
2.2383638928067757 
2.238195912614523 
2.2380281690140906 
2.2378606615059877 
2.23769338959213 
2.2382290934645175 
2.2394662921348374 
2.240467836257316 
2.241234221598884 
2.241065171688864 
2.2408963585434236 
2.2407277816655067 
2.240559440559447 
2.2403913347309636 
2.240223463687157 
2.2400558269365027 
2.2398884239888486 
2.239721254355407 
2.2395543175487527 
2.2393876130828176 
2.2392211404728855 
2.2390548992355868 
2.2388888888888956 
2.239417071478147 
2.239944521497926 
2.2404712404712472 
2.240304709141281 
2.240138408304505 
2.2399723374827176 
2.239806496199039 
2.239640883977907 
2.2394755003450717 
2.2393103448275924 
2.239145416953831 
2.2389807162534496 
2.2388162422574043 
2.2386519944979426 
2.238487972508597 
2.238324175824182 
2.238160603980788 
2.2379972565157806 
2.2378341329677918 
2.237671232876718 
2.2375085557837155 
2.237346101231196 
2.237183868762822 
2.2370218579235033 
2.2368600682593915 
2.237380627557987 
2.238582140422637 
2.239554950045419 
2.24029952348537 
2.2401360544217748 
2.2399728076138743 
2.239809782608702 
2.239646978954521 
2.2394843962008206 
2.2393220338983117 
2.2391598915989226 
2.238997968855795 
2.2388362652232807 
2.2386747802569364 
2.2385135135135195 
2.2383524645509847 
2.238191632928481 
2.2380310182063443 
2.2378706199460976 
2.2377104377104433 
2.2375504710632628 
2.237390719569609 
2.237231182795705 
2.2370718603089386 
2.236912751677859 
2.236753856472173 
2.2365951742627415 
2.2364367046215743 
2.2362784471218276 
2.2361204013377995 
2.235962566844927 
2.23580494321978 
2.2356475300400604 
2.2354903268845967 
2.2353333333333403 
2.2351765489673623 
2.235019973368849 
2.2348636061210985 
2.234707446808518 
2.2345514950166185 
2.2343957503320127 
2.234240212342409 
2.234084880636612 
2.2339297548045134 
2.233774834437093 
2.2336201191264133 
2.2334656084656155 
2.233311302048916 
2.233157199471605 
2.233003300330039 
2.232849604221642 
2.233355306526044 
2.233860342556001 
2.2343647136273925 
2.2342105263157954 
2.2340565417488554 
2.233902759526944 
2.233749179251483 
2.23359580052494 
2.233442622950825 
2.233289646133688 
2.2331368696791145 
2.2329842931937223 
2.232831916285159 
2.2326797385620964 
2.2325277596342312 
2.232375979112277 
2.232224396607964 
2.2320730117340344 
2.2319218241042402 
2.231770833333339 
2.2316200390370904 
2.231469440832255 
2.2313190383365873 
2.2311688311688362 
2.2310188189487397 
2.230869001297022 
2.2307193778353906 
2.2305699481865333 
2.230420711974115 
2.2302716688227733 
2.230122818358117 
2.229974160206723 
2.229825693996131 
2.2296774193548434 
2.229529335912319 
2.2293814432989736 
2.229233741146173 
2.2290862290862337 
2.228938906752416 
2.228791773778925 
2.2292870905587714 
2.2304236200256784 
2.23134487919607 
2.2320512820512866 
2.2319026265214648 
2.2317541613316303 
2.231605886116447 
2.231457800511513 
2.231309904153359 
2.231162196679442 
2.2310146777281465 
2.230867346938779 
2.230720203951565 
2.2305732484076466 
2.23042647994908 
2.2302798982188325 
2.2301335028607783 
2.229987293519698 
2.229841269841273 
2.2296954314720843 
2.22954977805961 
2.2294043092522213 
2.2292590246991804 
2.229113924050637 
2.228969006957626 
2.228824273072065 
2.228679722046751 
2.228535353535358 
2.2283911671924335 
2.2282471626733966 
2.2281033396345347 
2.2279596977330014 
2.2278162366268135 
2.227672955974847 
2.2275298554368366 
2.2273869346733712 
2.2272441933458924 
2.227101631116692 
2.2269592476489075 
2.226817042606521 
2.2266750156543567 
2.2265331664580774 
2.2263914946841825 
2.2262500000000047 
2.2261086820737086 
2.2259675405742865 
2.2258265751715576 
2.225685785536164 
2.225545171339568 
2.2254047322540518 
2.2252644679527114 
2.225124378109457 
2.2249844623990103 
2.224844720496899 
2.2247051520794585 
2.224565756823826 
2.22442653440794 
2.2242874845105374 
2.2241486068111502 
2.224009900990104 
2.2238713667285146 
2.2237330037082867 
2.223594811612111 
2.2234567901234614 
2.2233189389265933 
2.22318125770654 
2.2230437461491115 
2.2229064039408915 
2.2227692307692357 
2.2226322263222684 
2.2224953902888807 
2.222358722358728 
2.2222222222222276 
2.2220858895705575 
2.2219497240956523 
2.2218137254902013 
2.2216778934476475 
2.221542227662184 
2.2214067278287515 
2.221271393643037 
2.221136224801471 
2.221001221001226 
2.2208663819402124 
2.220731707317078 
2.2205971968312053 
2.2204628501827086 
2.220328667072433 
2.2201946472019514 
2.2200607902735614 
2.219927095990285 
2.2197935640558644 
2.2196601941747627 
2.2195269860521583 
2.219393939393945 
2.219261053906729 
2.2191283292978263 
2.2189957652752628 
2.218863361547769 
2.2187311178247793 
2.2185990338164308 
2.2184671092335604 
2.2183353437877016 
2.2182037371910845 
2.218072289156632 
2.217940999397958 
2.2178098676293674 
2.21767889356585 
2.217548076923082 
2.217417417417422 
2.217286914765911 
2.2171565686862675 
2.2170263788968874 
2.2168963451168415 
2.2167664670658733 
2.216636744464398 
2.216507177033498 
2.2163777644949243 
2.216248506571092 
2.216119402985079 
2.2159904534606247 
2.2158616577221273 
2.216328963051256 
2.2173913043478306 
2.218253968253973 
2.2189173111243354 
2.21878715814507 
2.218657159833635 
2.218527315914494 
2.2183976261127643 
2.2182680901542158 
2.2181387077652683 
2.2180094786729905 
2.2178804026050964 
2.2177514792899453 
2.217622708456539 
2.21749408983452 
2.217365623154169 
2.2172373081464043 
2.2171091445427784 
2.2169811320754773 
2.2168532704773187 
2.216725559481749 
2.216597998822843 
2.2164705882353 
2.2163433274544446 
2.2162162162162224 
2.2160892542571995 
2.21596244131456 
2.215835777126106 
2.2157092614302525 
2.2155828939660287 
2.2154566744730744 
2.215330602691639 
2.21520467836258 
2.215078901227359 
2.214953271028044 
2.214827787507304 
2.2147024504084083 
2.2145772594752255 
2.2144522144522214 
2.2143273150844567 
2.2142025611175855 
2.2140779522978544 
2.2139534883720997 
2.213829169087746 
2.2137049941928053 
2.213580963435874 
2.2134570765661317 
2.2133333333333396 
2.2132097334878393 
2.2130862767805506 
2.2129629629629695 
2.2128397917871667 
2.212716763005787 
2.2125938763720456 
2.212471131639729 
2.2123485285631914 
2.2122260668973537 
2.212103746397701 
2.211981566820283 
2.2118595279217104 
2.211737629459155 
2.2116158711903458 
2.2114942528735697 
2.211372774267669 
2.2118254879448975 
2.2128514056224966 
2.2136850152905265 
2.2143266475644765 
2.214203894616272 
2.21408128219806 
2.2139588100686565 
2.213836477987428 
2.213714285714292 
2.2135922330097153 
2.21347031963471 
2.2133485453508337 
2.213226909920189 
2.2131054131054197 
2.2129840546697106 
2.2128628343767853 
2.2127417519909054 
2.2126208072768687 
2.212500000000007 
2.2123793299261854 
2.2122587968218004 
2.212138400453779 
2.212018140589576 
2.211898016997174 
2.2117780294450804 
2.211658177702327 
2.2115384615384683 
2.2114188807235795 
2.2112994350282555 
2.2111801242236093 
2.211060948081271 
2.2109419063733853 
2.210822998872611 
2.2107042253521194 
2.2111486486486553 
2.2121553179516105 
2.2129733783277157 
2.2136031478358693 
2.2134831460674222 
2.213363279056716 
2.2132435465768863 
2.213123948401577 
2.213004484304939 
2.212885154061631 
2.212765957446815 
2.212646894236156 
2.212527964205823 
2.2124091671324826 
2.2122905027933024 
2.2121719709659473 
2.212053571428578 
2.21193530395985 
2.211817168338914 
2.21169916434541 
2.2115812917594715 
2.21146355036172 
2.211345939933265 
2.2112284602557035 
2.211111111111117 
2.210993892282071 
2.210876803551615 
2.210759844703278 
2.21064301552107 
2.2105263157894792 
2.2104097452934717 
2.210293303818489 
2.210176991150448 
2.210060807075738 
2.2099447513812214 
2.20982882385423 
2.2097130242825664 
2.209597352454501 
2.209481808158771 
2.2093663911845787 
2.2092511013215916 
2.20913593835994 
2.2090209020902147 
2.2089059923034693 
2.2087912087912147 
2.2086765513454205 
2.208562019758513 
2.208447613823374 
2.2083333333333393 
2.2082191780821976 
2.2081051478641895 
2.2079912424740065 
2.2078774617067887 
2.2077638053581246 
2.2076502732240493 
2.207536865101043 
2.2079694323144157 
2.208401527550469 
2.2088331515812483 
2.208719346049051 
2.2086056644880223 
2.2084921066957044 
2.208378672470081 
2.2082653616095755 
2.2081521739130485 
2.2080391091797984 
2.2079261672095596 
2.207813347802501 
2.207700650759224 
2.2075880758807633 
2.2074756229685852 
2.207363291824585 
2.2072510822510867 
2.2071389940508426 
2.2070270270270314 
2.206915180983257 
2.2068034557235467 
2.2066918510523523 
2.206580366774546 
2.207008086253374 
2.2079741379310396 
2.20875964817807 
2.2093649085037725 
2.209252286175368 
2.2091397849462413 
2.2090274046211764 
2.2089151450053754 
2.20880300590446 
2.208690987124468 
2.2085790884718546 
2.2084673097534884 
2.2083556507766517 
2.208244111349041 
2.2081326912787635 
2.2080213903743364 
2.207910208444687 
2.20779914529915 
2.207688200747469 
2.2075773745997913 
2.2074666666666714 
2.2073560767590665 
2.207245604688337 
2.2071352502662456 
2.2070250133049543 
2.2074468085106433 
2.208399787347161 
2.2091746369110923 
2.2097716409984116 
2.2096602972399197 
2.209549071618042 
2.2094379639448616 
2.2093269740328614 
2.20921610169492 
2.209105346744314 
2.2089947089947137 
2.2088841882601846 
2.2087737843551847 
2.2086634970945638 
2.2085533262935635 
2.208443271767815 
2.208333333333338 
2.2082235108065413 
2.2081138040042196 
2.208004212743554 
2.20789473684211 
2.2077853761178377 
2.207676130389069 
2.2075669994745186 
2.207457983193282 
2.207349081364834 
2.2072402938090288 
2.207131620346098 
2.2070230607966503 
2.2069146149816707 
2.2068062827225177 
2.2066980638409257 
2.2065899581590007 
2.2064819654992207 
2.206896551724143 
2.2078328981723283 
2.2085942936673675 
2.2091810119979183 
2.2090719499478673 
2.208963001563319 
2.2088541666666712 
2.208745445080692 
2.2086368366285165 
2.20852834113365 
2.208419958419963 
2.208311688311693 
2.2082035306334418 
2.208095485210176 
2.2079875518672245 
2.2078797304302795 
2.2077720207253932 
2.207664422578979 
2.20755693581781 
2.2074495602690165 
2.2073422957600872 
2.2072351421188676 
2.2071280991735582 
2.207021166752715 
2.2069143446852473 
2.2068076328004174 
2.2067010309278396 
2.2065945388974804 
2.2064881565396544 
2.2063818836850277 
2.206275720164614 
2.206169665809773 
2.206063720452214 
2.20595788392399 
2.2058521560574995 
2.2057465366854845 
2.20564102564103 
2.206048180420302 
2.206967213114759 
2.2077146270694707 
2.2082906857727784 
2.208184143222511 
2.2080777096114566 
2.2079713847726157 
2.2078651685393305 
2.207759060745283 
2.2076530612244945 
2.2075471698113254 
2.2074413863404736 
2.2073357106469738 
2.207230142566196 
2.207124681933847 
2.207019328585966 
2.206914082358927 
2.2068089430894355 
2.2067039106145296 
2.206598984771578 
2.2064941653982797 
2.2063894523326617 
2.206284845413081 
2.2061803444782213 
2.206075949367093 
2.205971659919033 
2.2058674759737023 
2.2057633973710864 
2.205659423951495 
2.20555555555556 
2.2054517920242347 
2.2053481331987936 
2.2052445789208317 
2.2051411290322624 
2.2050377833753196 
2.2049345417925523 
2.204831404126829 
2.2052313883299846 
2.206133735545505 
2.206867671691797 
2.2074334505273776 
2.207329317269081 
2.2072252885097887 
2.2071213640922815 
2.2070175438596538 
2.206913827655315 
2.206810215322989 
2.2067067067067114 
2.20660330165083 
2.2065000000000046 
2.206396801599205 
2.2062937062937107 
2.206190713929111 
2.206087824351302 
2.205985037406488 
2.205882352941181 
2.205779770802197 
2.205677290836658 
2.2055749128919904 
2.2054726368159248 
2.205370462456494 
2.205268389662032 
2.205166418281177 
2.2050645481628646 
2.204962779156332 
2.2048611111111156 
2.2047595438770498 
2.2046580773042663 
2.2045567112431943 
2.204455445544559 
2.204354280059381 
2.204253214638976 
2.204152249134953 
2.204051383399214 
2.203950617283955 
2.203849950641663 
2.2037493833251154 
2.2041420118343242 
2.2050271069492404 
2.205747126436786 
2.2063023141309746 
2.2062007874015794 
2.2060993605509145 
2.205998033431666 
2.2058968058968103 
2.2057956777996117 
2.2056946489936227 
2.2055937193326836 
2.2054928886709217 
2.2053921568627497 
2.205291523762866 
2.2051909892262533 
2.2050905531081786 
2.2049902152641923 
2.2048899755501266 
2.204789833822096 
2.204689789936497 
2.2045898437500044 
2.204489995119575 
2.2043902439024436 
2.2042905899561234 
2.204191033138406 
2.2040915733073594 
2.2039922103213287 
2.203892944038934 
2.2037937743190708 
2.2036947010209085 
2.2035957240038915 
2.2034968431277364 
2.2033980582524317 
2.203299369238238 
2.2032007759456884 
2.203102278235584 
2.2030038759689967 
2.2029055690072683 
2.2028073572120084 
2.202709240445094 
2.20261121856867 
2.202513291445147 
2.2024154589372023 
2.202317720907778 
2.2022200772200815 
2.2021225277375827 
2.202025072324016 
2.201927710843378 
2.201830443159927 
2.2017332691381846 
2.2016361886429303 
2.201539201539206 
2.201442307692312 
2.2013455069678085 
2.2012487992315126 
2.2016322611617904 
2.202495201535513 
2.2031974420463674 
2.2037392138063323 
2.203641590800196 
2.2035440613026864 
2.203446625179516 
2.203827751196177 
2.204686752749885 
2.205385595920973 
2.205924510272341 
2.2058261700095554 
2.2057279236276894 
2.205629770992371 
2.2055317119694844 
2.205433746425171 
2.205335874225826 
2.2052380952380997 
2.2051404093288953 
2.2050428163653706 
2.2049453162149355 
2.2048479087452515 
2.204750593824232 
2.2046533713200422 
2.2045562411010957 
2.2044592030360572 
2.20436225699384 
2.2042654028436064 
2.204168640454765 
2.204071969696974 
2.203975390440137 
2.2038789025544037 
2.2037825059101697 
2.203686200378076 
2.203589985829008 
2.203493862134093 
2.2033978291647047 
2.203301886792457 
2.2032060348892073 
2.2031102733270544 
2.203014601978337 
2.202919020715635 
2.202823529411769 
2.2027281279397974 
2.202632816173018 
2.2025375939849665 
2.2024424612494173 
2.2023474178403797 
2.2022524636321017 
2.202157598499066 
2.202062822315991 
2.2019681349578297 
2.2018735362997695 
2.201779026217232 
2.201684604585872 
2.2015902712815754 
2.201496026180462 
2.2014018691588824 
2.201307800093418 
2.2012138188608814 
2.2011199253383147 
2.201026119402989 
2.200932400932405 
2.200838769804291 
2.2007452258966036 
2.200651769087527 
2.2005583992554714 
2.2004651162790734 
2.200371920037196 
2.2002788104089257 
2.2001857872735755 
2.2000928505106816 
2.2000000000000037 
2.199907235621525 
2.2002781641168325 
2.2011121408711807 
2.201790952601517 
2.2023148148148186 
2.2022211938917207 
2.202127659574472 
2.202034211742953 
2.201940850277268 
2.2018475750577404 
2.2017543859649162 
2.2016612828795608 
2.2015682656826607 
2.201475334255421 
2.2013824884792665 
2.2012897282358397 
2.201197053407002 
2.2011044638748314 
2.201011959521623 
2.2009195402298887 
2.200827205882357 
2.20073495636197 
2.200642791551886 
2.2005507113354787 
2.200458715596334 
2.2003668042182523 
2.2002749770852468 
2.200183234081543 
2.200091575091579 
2.2000000000000037 
2.199908508691678 
2.1998171010516727 
2.199725776965269 
2.1996345363179572 
2.1995433789954375 
2.1994523048836183 
2.1993613138686166 
2.1992704058367565 
2.19917958067457 
2.199088838268796 
2.1989981785063786 
2.1989076012744686 
2.198817106460422 
2.1987266939517998 
2.198636363636367 
2.198546115402093 
2.198455949137151 
2.1983658647299165 
2.1982758620689684 
2.1981859410430866 
2.198096101541254 
2.1980063434526533 
2.197916666666669 
2.197827071072886 
2.1977375565610884 
2.19764812302126 
2.197558770343583 
2.197469498418439 
2.1973803071364073 
2.197291196388264 
2.1972021660649843 
2.1971132160577382 
2.1970243462578924 
2.19693555655701 
2.1968468468468494 
2.196758217019363 
2.196669666966699 
2.196581196581199 
2.196492805755398 
2.196404494382025 
2.1963162623540007 
2.196228109564439 
2.196140035906645 
2.196052041274116 
2.19596412556054 
2.195876288659796 
2.195788530465952 
2.1957008508732665 
2.195613249776188 
2.1955257270693527 
2.1954382826475864 
2.195350916405902 
2.195263628239501 
2.195176418043771 
2.195089285714287 
2.195002231146811 
2.19491525423729 
2.194828354881856 
2.1947415329768285 
2.1946547884187093 
2.1945681211041865 
2.19448153093013 
2.1943950177935956 
2.19430858159182 
2.1942222222222236 
2.194135939582409 
2.194049733570161 
2.1939636040834456 
2.1938775510204094 
2.1937915742793805 
2.1937056737588665 
2.1936198493575554 
2.193534100974315 
2.1934484285081908 
2.1933628318584084 
2.193277310924371 
2.1936339522546433 
2.193990278391517 
2.1943462897526516 
2.195143487858721 
2.1959399823477503 
2.196735774150861 
2.1979717813051156 
2.1992066989863384 
2.200440528634362 
2.20211360634082 
2.2037852112676064 
2.205455345358558 
2.207563764291997 
2.2096703296703306 
2.211775043936732 
2.214317083882302 
2.216856892010536 
2.2193944712593248 
2.2223684210526318 
2.225339763261727 
2.2283085013146358 
2.2317126587823037 
2.2355516637478106 
2.239824945295404 
2.2439486730825307 
2.24442501093135 
2.244318181818181 
2.244211446046308 
2.244104803493449 
2.2444347446529895 
2.245200698080279 
2.245820613461259 
2.2462946817785525 
2.246187363834422 
2.246080139372822 
2.2459730082716582 
2.245865970409051 
2.2457590256633315 
2.2456521739130433 
2.2455454150369403 
2.2454387489139878 
2.245332175423361 
2.2452256944444446 
2.245119305856833 
2.2450130095403296 
2.2449068053749457 
2.2448006932409013 
2.2446946730186226 
2.2450216450216445 
2.2457810471657287 
2.246395617070357 
2.2468655425853865 
2.246758859118409 
2.246652267818574 
2.2465457685664934 
2.246439361242986 
2.246333045729076 
2.246226821905993 
2.2461206896551715 
2.24601464885825 
2.2459086993970705 
2.2458028411536795 
2.2456970740103257 
2.245591397849461 
2.2454858125537394 
2.2453803180060157 
2.245274914089346 
2.2451696006869892 
2.245064377682403 
2.2449592449592446 
2.244854202401372 
2.2447492498928416 
2.244644387317909 
2.2445396145610275 
2.244434931506849 
2.244330338040222 
2.244225834046193 
2.2441214194100043 
2.244017094017094 
2.243912857753097 
2.243808710503843 
2.2437046521553565 
2.243600682593857 
2.243496801705757 
2.243393009377664 
2.2432893054963783 
2.2431856899488927 
2.2430821626223927 
2.2429787234042555 
2.2428753721820507 
2.2427721088435377 
2.2426689332766685 
2.242565845369584 
2.242462845010616 
2.242359932088285 
2.2422571064913024 
2.2421543681085665 
2.242051716829165 
2.241949152542373 
2.2418466751376536 
2.241744284504657 
2.2416419805332204 
2.241539763113367 
2.2414376321353067 
2.241335587489434 
2.241233629066329 
2.2415540540540544 
2.2422963275643735 
2.2428973277074546 
2.2433572332349225 
2.243254637436763 
2.2431521281078806 
2.2430497051390064 
2.242947368421053 
2.2428451178451176 
2.2427429533024816 
2.2426408746846085 
2.242538881883144 
2.2424369747899155 
2.2423351532969336 
2.242233417296389 
2.242131766680654 
2.2420302013422817 
2.241928721174004 
2.2418273260687345 
2.241726015919564 
2.2416247906197655 
2.241523650062788 
2.24142259414226 
2.241321622751987 
2.2412207357859537 
2.2411199331383207 
2.241019214703426 
2.240918580375783 
2.241235392320535 
2.2419691280767635 
2.242563247150404 
2.2430179241350565 
2.242916666666667 
2.2428154935443567 
2.2427144046627814 
2.242613399916771 
2.2425124792013316 
2.2424116424116427 
2.2423108894430595 
2.24221022019111 
2.2421096345514955 
2.2420091324200917 
2.2419087136929465 
2.24180837826628 
2.241708126036485 
2.241607956900125 
2.241507870753936 
2.2414078674948246 
2.241307947019868 
2.241208109226314 
2.24110835401158 
2.2410086812732537 
2.240909090909091 
2.2408095828170183 
2.2407101568951284 
2.2406108130416844 
2.240511551155116 
2.240412371134021 
2.2403132728771644 
2.240214256283478 
2.2401153212520595 
2.2400164676821737 
2.239917695473251 
2.239819004524887 
2.239720394736842 
2.240032881216605 
2.24075595727198 
2.2413415468856943 
2.241789819376026 
2.2416906032006563 
2.241591468416735 
2.2414924149241493 
2.2413934426229507 
2.2412945514133553 
2.241195741195741 
2.241097011870651 
2.2409983633387887 
2.240899795501022 
2.240801308258381 
2.2407029015120554 
2.2406045751633985 
2.2405063291139236 
2.2404081632653057 
2.2403100775193794 
2.24021207177814 
2.240114145943742 
2.2400162999185 
2.2403258655804477 
2.2410423452768726 
2.241622574955908 
2.2420667209113097 
2.2419682797885314 
2.241869918699187 
2.241771637545713 
2.2416734362307067 
2.2415753146569224 
2.241477272727273 
2.241379310344828 
2.2412814274128148 
2.2411836238346172 
2.241085899513777 
2.2409882543539896 
2.2408906882591095 
2.240793201133145 
2.2406957928802593 
2.2405984634047718 
2.2405012126111563 
2.240404040404041 
2.2403069466882073 
2.2402099313685913 
2.240112994350283 
2.2400161355385237 
2.2399193548387095 
2.2398226521563886 
2.23972602739726 
2.2396294804671766 
2.239533011272141 
2.2394366197183095 
2.2393403057119867 
2.23924406915963 
2.239147909967845 
2.23905182804339 
2.238955823293172 
2.2388598956242465 
2.2387640449438195 
2.238668271159245 
2.238572574178026 
2.2384769539078144 
2.2383814102564092 
2.238285943131757 
2.2381905524419525 
2.238095238095237 
2.2379999999999987 
2.2379048380647726 
2.23780975219824 
2.2377147423092274 
2.237619808306708 
2.237524950099799 
2.237430167597764 
2.2373354607100104 
2.237639553429026 
2.2379434037465114 
2.2382470119521902 
2.238152130625248 
2.238057324840763 
2.2379625945085544 
2.237867939538583 
2.2377733598409533 
2.237678855325913 
2.2375844259038526 
2.2374900714853045 
2.2373957919809437 
2.237301587301586 
2.2372074573581897 
2.2371134020618544 
2.2370194213238195 
2.236925515055466 
2.2368316831683153 
2.2367379255740287 
2.236644242184407 
2.236550632911391 
2.236457097667061 
2.236363636363635 
2.2362702489134714 
2.2361769352290666 
2.236083695223054 
2.235990528808207 
2.2358974358974346 
2.2358044164037842 
2.2357114702404406 
2.235618597320724 
2.235525797558093 
2.235433070866141 
2.235340417158598 
2.2352478363493304 
2.235155328352339 
2.23506289308176 
2.2349705304518657 
2.2348782403770615 
2.2347860227718876 
2.23469387755102 
2.234601804629266 
2.234509803921568 
2.234417875343002 
2.2347178683385573 
2.2354093223658436 
2.2359697206995555 
2.236399217221134 
2.2363067292644745 
2.236214313648806 
2.2361219702892874 
2.2360296991012105 
2.235937499999999 
2.2358453729012093 
2.2357533177205298 
2.2356613343737797 
2.23556942277691 
2.235477582846003 
2.235385814497271 
2.2352941176470575 
2.2352024922118368 
2.2351109381082117 
2.2350194552529166 
2.2349280435628143 
2.234836702954897 
2.2347454333462866 
2.234654234654233 
2.2345631067961147 
2.234472049689439 
2.234381063251841 
2.234290147401084 
2.234199302055058 
2.234108527131781 
2.234017822549397 
2.233927188226179 
2.2338366240805243 
2.2337461300309576 
2.2336557059961293 
2.233565351894816 
2.23347506764592 
2.233384853168468 
2.2332947083816124 
2.233204633204631 
2.2331146275569256 
2.2330246913580227 
2.232934824527572 
2.232845026985349 
2.2327552986512504 
2.2326656394452984 
2.2325760492876374 
2.2324865280985353 
2.232397075798382 
2.2323076923076903 
2.232218377547095 
2.2321291314373535 
2.2320399538993443 
2.231950844854068 
2.231861804222646 
2.231772831926321 
2.231683927886457 
2.231595092024537 
2.2315063242621664 
2.2314176245210695 
2.2313289927230913 
2.2312404287901955 
2.2311519326444667 
2.2310635042081066 
2.2309751434034384 
2.2308868501529022 
2.230798624379057 
2.2307104660045805 
2.2306223749522687 
2.230534351145035 
2.2304463945059103 
2.2303585049580437 
2.230270682424701 
2.230182926829265 
2.2300952380952346 
2.2300076161462266 
2.229920060905973 
2.229832572298322 
2.229745150247239 
2.2296577946768026 
2.229570505511209 
2.2294832826747686 
2.229396126091907 
2.2293090356871645 
2.229222011385196 
2.2291350531107703 
2.2290481607887718 
2.2289613343441967 
2.2288745737021562 
2.228787878787875 
2.2287012495266905 
2.2286146858440534 
2.2285281876655274 
2.2284417549167888 
2.2283553875236253 
2.2282690854119385 
2.2281828485077404 
2.228096676737156 
2.228010570026421 
2.2279245283018825 
2.227838551489999 
2.227752639517341 
2.2276667923105875 
2.2275810097965296 
2.2274952919020676 
2.2274096385542133 
2.2273240496800866 
2.2272385252069187 
2.2271530650620495 
2.227067669172928 
2.2269823374671134 
2.2268970698722725 
2.2268118663161807 
2.2267267267267226 
2.226641651031891 
2.226556639159786 
2.226471691038616 
2.2263868065966976 
2.2263019857624538 
2.2262172284644155 
2.226506926244848 
2.2267964071856245 
2.2270856715301117 
2.2270007479431517 
2.2269158878504625 
2.226831091180862 
2.226746357863275 
2.2266616878267316 
2.2265770810003684 
2.226492537313428 
2.226408056695258 
2.226323639075312 
2.226239284383148 
2.2261549925484303 
2.2260707635009265 
2.225986597170509 
2.225902493487155 
2.225818452380947 
2.22573447378207 
2.225650557620813 
2.225566703827569 
2.2254829123328332 
2.2253991830672066 
2.225315515961391 
2.2252319109461918 
2.2251483679525177 
2.2250648869113783 
2.2253521126760516 
2.2256391256020702 
2.2259259259259214 
2.225842280636797 
2.2257586972612837 
2.2256751757306654 
2.225591715976327 
2.2255083179297555 
2.225424981522538 
2.2253417066863643 
2.2252584933530235 
2.2251753414544067 
2.2250922509225046 
2.2250092216894086 
2.2249262536873107 
2.2248433468485023 
2.2247605011053744 
2.2246777163904183 
2.2245949926362245 
2.2245123297754823 
2.2244297277409806 
2.2247149687385015 
2.2249999999999948 
2.2252848217567016 
2.2259368111682534 
2.2265883217039977 
2.227239353891331 
2.227155963302747 
2.227072633895813 
2.226989365603222 
2.226906158357766 
2.226823012092336 
2.2267399267399215 
2.226656902233609 
2.2265739385065837 
2.226491035492128 
2.2264081931236235 
2.226325411334547 
2.2262426900584744 
2.226525392765797 
2.226807888970046 
2.2270901788974027 
2.227007299270068 
2.2269244801167405 
2.2268417213712564 
2.227123587313155 
2.2274052478134054 
2.2276867030965337 
2.2283321194464625 
2.228977065890057 
2.2296215429403152 
2.2306293197526323 
2.2316363636363588 
2.232642675390762 
2.234011627906972 
2.235379585906279 
2.2367465504720356 
2.238475499092554 
2.2402031930333766 
2.24192963365977 
2.244017403915876 
2.246103660746642 
2.2481884057970962 
2.2506338283230662 
2.2530774800868882 
2.2555193630112145 
2.2583212735166374 
2.2611211573236836 
2.263919016630508 
2.267076255872781 
2.270231213872827 
2.2733838931021975 
2.2768953068592004 
2.2807650667628963 
2.2846320346320295 
2.2888568337540516 
2.293439077144912 
2.298018018018013 
2.3029538904899085 
2.3082463089665057 
2.3135349172066184 
2.3191795609931583 
2.325179856115103 
2.3311758360302 
2.337526959022281 
2.344232842256553 
2.350933908045972 
2.3579892280071766 
2.3653984206747976 
2.3728022963760265 
2.3805595408895215 
2.38866977411258 
2.39713261648745 
2.405947689000353 
2.408906399235907 
2.409237379162186 
2.4090909090909043 
2.4089445438282597 
2.4087982832617976 
2.4086521272792227 
2.408506075768401 
2.408360128617358 
2.4082142857142803 
2.4084255622991733 
2.4086366880799375 
2.4088476632179754 
2.408701854493575 
2.4085561497326147 
2.408410548823943 
2.408265051656567 
2.4081196581196522 
2.4079743681025216 
2.407829181494656 
2.407684098185693 
2.407539118065428 
2.407394241023812 
2.4072494669509537 
2.4071047957371166 
2.4073153409090846 
2.4075257365992124 
2.4077359829666367 
2.4075913444483796 
2.407446808510632 
2.407302375044304 
2.4071580439404614 
2.407013815090323 
2.4068696883852625 
2.4067256637168075 
2.406581740976639 
2.4064379200565904 
2.4062942008486496 
2.406150583244956 
2.4060070671378027 
2.405863652419633 
2.405720338983044 
2.4055771267207837 
2.4054340155257514 
2.405291005290998 
2.4051480959097247 
2.4050052872752836 
2.404862579281177 
2.4047199718210566 
2.4045774647887255 
2.4044350580781346 
2.404292751583385 
2.4045022863172636 
2.4047116736990084 
2.4052724077328578 
2.4061841180604286 
2.4066268586816464 
2.406952247191004 
2.4068094068094 
2.4066666666666596 
2.4065240266573062 
2.40638148667601 
2.4062390466175887 
2.4060967063770082 
2.4059544658493808 
2.4058123249299657 
2.4056702835141692 
2.4055283414975444 
2.4053864987757896 
2.405244755244749 
2.4051031108004133 
2.4049615653389176 
2.404820118756543 
2.4046787709497144 
2.4045375218150022 
2.4043963712491214 
2.40425531914893 
2.4041143654114303 
2.4039735099337687 
2.4038327526132344 
2.4036920933472596 
2.40355153203342 
2.4034110685694334 
2.40327070285316 
2.4031304347826024 
2.4029902642559047 
2.402850191171353 
2.402710215427374 
2.4025703369225364 
2.4024305555555494 
2.402290871225263 
2.4021512838306673 
2.402011793270893 
2.40187239944521 
2.4020797227036343 
2.4026334026333975 
2.4030712388869597 
2.403393351800549 
2.403253721010725 
2.403114186851206 
2.4029747492217175 
2.402835408022125 
2.4026961631524317 
2.40255701451278 
2.402417962003449 
2.402279005524857 
2.402140144977558 
2.4020013802622446 
2.401862711279746 
2.401724137931029 
2.4015856601171954 
2.4014472777394844 
2.401308990699271 
2.401170798898066 
2.401032702237516 
2.4008947006194026 
2.400756793945643 
2.4006189821182886 
2.400481265039527 
2.4003436426116784 
2.4002061147371982 
2.400068681318676 
2.399931342258834 
2.39979409746053 
2.3996569468267523 
2.399519890260625 
2.3993829276654037 
2.3992460589444766 
2.3991092840013644 
2.39897260273972 
2.3988360150633286 
2.399041752224498 
2.3995894628805963 
2.4000227998175956 
2.4003418803418746 
2.400205058099789 
2.400068329347449 
2.399931693989065 
2.3997951519289797 
2.3996587030716663 
2.399522347321727 
2.3993860845838957 
2.399249914763035 
2.399113837764138 
2.3989778534923274 
2.3988419618528547 
2.3987061627511004 
2.398570456092574 
2.398434841782913 
2.398299319727885 
2.3981638898333837 
2.398028552005432 
2.3978933061501806 
2.3980978260869503 
2.398641765704578 
2.3990721882778847 
2.39938920936545 
2.3992537313432774 
2.399118345201757 
2.3989830508474514 
2.398847848187049 
2.398712737127365 
2.398577717575341 
2.398442789438044 
2.3983079526226674 
2.3981732070365296 
2.3980385525870753 
2.3979039891818736 
2.3977695167286184 
2.397635135135129 
2.3975008443093486 
2.3973666441593453 
2.397232534593311 
2.397098515519562 
2.396964586846537 
2.396830748482799 
2.3966970003370345 
2.396563342318053 
2.396766588076787 
2.397306397306391 
2.3977336474812008 
2.39804845222072 
2.397914564413044 
2.3977807666442432 
2.3976470588235226 
2.3975134408602083 
2.397379912663749 
2.397246474143714 
2.3971131252097955 
2.3969798657718058 
2.3968466957396783 
2.396713615023468 
2.396580623533349 
2.396447721179618 
2.39631490787269 
2.396182183523101 
2.3960495480415065 
2.3959170013386815 
2.39578454332552 
2.3956521739130365 
2.3955198930123633 
2.3953877005347524 
2.395255596391573 
2.3951235804943147 
2.394991652754584 
2.394859813084105 
2.3947280613947206 
2.3945963975983915 
2.394464821607195 
2.394333333333326 
